"//1.사업메타","","","","","","","","","","","","","","","","","","","","","","","","","","","","","","","","",""
"//사업명_정선해양관측","","","","","","","","","","","","","","","","","","","","","","","","","","","","","","","","",""
"//사업요약_관할해역의 미리 정해진 정점과 관측선을 따라 정기적으로 수온, 염분, 용존산소, 영양염 및 해양기상자료 등의 관측수행 및 자료제공","","","","","","","","","","","","","","","","","","","","","","","","","","","","","","","","",""
"//수행기관명_국립수산과학원","","","","","","","","","","","","","","","","","","","","","","","","","","","","","","","","",""
"//사업책임자명_null","","","","","","","","","","","","","","","","","","","","","","","","","","","","","","","","",""
"//표준시_KST","","","","","","","","","","","","","","","","","","","","","","","","","","","","","","","","",""
"//사업시작일_1961-01-29","","","","","","","","","","","","","","","","","","","","","","","","","","","","","","","","",""
"//사업종료일_2017-12-28","","","","","","","","","","","","","","","","","","","","","","","","","","","","","","","","",""
"//공간적범위_[(39.7383 122.2167, 31.5 135.0917)]","","","","","","","","","","","","","","","","","","","","","","","","","","","","","","","","",""
"//키워드_기압, 건구기온, 날씨_code, 너울등급_code, 너울방향_code, 수색_code, 습구기온, 운량_code, 운형_code, 파도등급_code, 파향_code, 풍력등급_code, 풍향_code, ","","","","","","","","","","","","","","","","","","","","","","","","","","","","","","","","",""
"//플랫폼_","","","","","","","","","","","","","","","","","","","","","","","","","","","","","","","","",""
"//관측장비_unknown","","","","","","","","","","","","","","","","","","","","","","","","","","","","","","","","",""
"////","","","","","","","","","","","","","","","","","","","","","","","","","","","","","","","","",""
"//2. 인용문구","","","","","","","","","","","","","","","","","","","","","","","","","","","","","","","","",""
"//관할해역 해양정보 공동활용시스템(JOISS)은 자료의 검색/분석 및 다운로드 서비스를 제공하고 있습니다.","","","","","","","","","","","","","","","","","","","","","","","","","","","","","","","","",""
"//본 포털은 해양수산부의 “해양과학조사 및 예보기술개발” 프로그램의 “관할해역 해양정보 공동활용체계 구축” 연구과제를 통해 구축 및 관리되고 있습니다.","","","","","","","","","","","","","","","","","","","","","","","","","","","","","","","","",""
"//JOISS에서 제공되고 있는 자료 및 서비스는 자유로운 사용 및 재배포가 가능합니다(자료가 부적절히 사용된 경우 서비스가 제한될 수 있음).","","","","","","","","","","","","","","","","","","","","","","","","","","","","","","","","",""
"//JOISS에서 제공된 자료 및 서비스(분석 및 그래프)를 사용한 경우 자료의 출처를 반드시 명시해야합니다.","","","","","","","","","","","","","","","","","","","","","","","","","","","","","","","","",""
"//가능하다면 인용된 문서 정보를 이메일(jiyoon4550@kesti.co.kr)로 보내주시길 바라며 이러한 협조는 JOISS 관리 및 발전에 큰 도움이 됩니다.","","","","","","","","","","","","","","","","","","","","","","","","","","","","","","","","",""
"////","","","","","","","","","","","","","","","","","","","","","","","","","","","","","","","","",""
"//● References","","","","","","","","","","","","","","","","","","","","","","","","","","","","","","","","",""
"//[연구사업 수행기관명], [책임자명], [최근자료수집일자], [자료명칭(연구사업명, 과제번호)]","","","","","","","","","","","","","","","","","","","","","","","","","","","","","","","","",""
"//국립수산과학원, null, 2017-12-28, 정선해양관측","","","","","","","","","","","","","","","","","","","","","","","","","","","","","","","","",""
"////","","","","","","","","","","","","","","","","","","","","","","","","","","","","","","","","",""
"//3. 데이터","","","","","","","","","","","","","","","","","","","","","","","","","","","","","","","","",""
" //플래그정보 : 0:미수행(no quality control), 1:양호(good value), 2:양호예상(probably good value), 3:의심(probably bad value), 4:불량(bad value), 9:결측(missing value)","","","","","","","","","","","","","","","","","","","","","","","","","","","","","","","","",""
"project_name","station","yyyy-mm-dd hh:mm:ss","Longitude [degrees_east]","Latitude [degrees_north]","bot.depth[m]","수심(m)","수심(text)","기압","airpre_qc","건구기온","drybultmp_qc","날씨_code","wtrc_qc","너울등급_code","swslec_qc","너울방향_code","swdirc_qc","수색_code","wtrcolc_qc","습구기온","wetbultmp_qc","운량_code","cudamoc_qc","운형_code","cudfmc_qc","파도등급_code","wavslec_qc","파향_code","wavdirc_qc","풍력등급_code","wndfcec_qc","풍향_code","wnddirc_qc"
"정선해양관측","102-04","1968-02-27 09:30:00","129.615","36.0767","0","0","","1028","2","4.1","2","쾌청(운량:0-2)","2","","","","","FOREL-ULE SCALE IV","2","","","","","","","","","","","0.3- 1.5 ","2","W  ","2"
"정선해양관측","102-04","1968-04-19 09:10:00","129.615","36.0767","0","0","","1013","2","16.2","2","쾌청(운량:0-2)","2","Low","2","","","FOREL-ULE SCALE III","2","","","11%-20%","2","Cirrus","2","Slight ","2","NE ","2","","","NE ","2"
"정선해양관측","102-04","1968-06-08 11:20:00","129.615","36.0767","0","0","","1005","2","19.7","2","개임(운량:3-7)","2","Very Low","2","E  ","2","FOREL-ULE SCALE III","2","","","31%-40%","2","Altostratus","2","Smooth-wavelets ","2","E  ","2","1.6- 3.3 ","2","E  ","2"
"정선해양관측","102-04","1968-08-19 11:25:00","129.615","36.0767","0","0","","1007","2","25.8","2","개임(운량:3-7)","2","Low","2","S  ","2","FOREL-ULE SCALE VII","2","","","31%-40%","2","Cumulus","2","Slight ","2","S  ","2","3.4- 5.4 ","2","S  ","2"
"정선해양관측","102-04","1968-10-15 08:50:00","129.615","36.0767","0","0","","1016","2","15.2","2","쾌청(운량:0-2)","2","Low","2","SW ","2","FOREL-ULE SCALE IV","2","","","11%-20%","2","Cirrus","2","Slight ","2","SW ","2","3.4- 5.4 ","2","SW ","2"
"정선해양관측","102-04","1968-12-04 13:15:00","129.615","36.0767","0","0","","1012","2","13.9","2","흐림(운량:8-10)","2","Low","2","NE ","2","FOREL-ULE SCALE IV","2","","","91%-100%","2","Altostratus","2","Calm-ripples ","2","NE ","2","0.3- 1.5 ","2","NE ","2"
"정선해양관측","102-05","1968-02-27 08:10:00","129.6883","36.0767","0","0","","1026","2","6.5","2","쾌청(운량:0-2)","2","","","","","FOREL-ULE SCALE II","2","","","","","","","","","","","0 - 0.2 ","2","NE ","2"
"정선해양관측","102-05","1968-04-20 08:50:00","129.6883","36.0767","0","0","","1012","2","","","쾌청(운량:0-2)","2","Very Low","2","","","FOREL-ULE SCALE II","2","","","","","Cirrus","2","Calm-ripples ","2","SE ","2","0 - 0.2 ","2","SE ","2"
"정선해양관측","102-05","1968-06-08 12:50:00","129.6883","36.0767","0","0","","1005","2","19.5","2","개임(운량:3-7)","2","Very Low","2","E  ","2","FOREL-ULE SCALE III","2","","","31%-40%","2","Altostratus","2","Calm-ripples ","2","E  ","2","1.6- 3.3 ","2","E  ","2"
"정선해양관측","102-05","1968-07-06 02:00:00","129.6883","36.0767","0","0","","994","2","","","비","2","Very Low","2","","","","","","","91%-100%","2","Cumulus","2","Smooth-wavelets ","2","","","0.3- 1.5 ","2","SE ","2"
"정선해양관측","102-05","1968-08-19 10:10:00","129.6883","36.0767","0","0","","1008","2","25.2","2","흐림(운량:8-10)","2","Low","2","S  ","2","FOREL-ULE SCALE V","2","","","81%-90%","2","Cumulus","2","Slight ","2","S  ","2","3.4- 5.4 ","2","S  ","2"
"정선해양관측","102-05","1968-10-15 09:45:00","129.6883","36.0767","0","0","","1016","2","15.5","2","쾌청(운량:0-2)","2","Low","2","SW ","2","FOREL-ULE SCALE III","2","","","11%-20%","2","Cirrus","2","Slight ","2","SW ","2","3.4- 5.4 ","2","SW ","2"
"정선해양관측","102-05","1968-12-04 14:10:00","129.6883","36.0767","0","0","","1012","2","13.8","2","흐림(운량:8-10)","2","Low","2","NE ","2","FOREL-ULE SCALE IV","2","","","91%-100%","2","Altostratus","2","Calm-ripples ","2","NE ","2","1.6- 3.3 ","2","NE ","2"
"정선해양관측","102-06","1968-04-20 09:50:00","129.7967","36.0767","0","0","","1012","2","","","쾌청(운량:0-2)","2","Very Low","2","SE ","2","FOREL-ULE SCALE II","2","","","","","Cumulus","2","Calm-ripples ","2","SE ","2","","","SE ","2"
"정선해양관측","102-06","1968-06-08 13:45:00","129.7967","36.0767","0","0","","1005","2","20.1","2","개임(운량:3-7)","2","Low","2","SE ","2","FOREL-ULE SCALE III","2","","","31%-40%","2","Altostratus","2","Smooth-wavelets ","2","SE ","2","1.6- 3.3 ","2","SE ","2"
"정선해양관측","102-06","1968-07-06 01:20:00","129.7967","36.0767","0","0","","994","2","","","비","2","Very Low","2","","","","","","","91%-100%","2","Cumulus","2","Smooth-wavelets ","2","","","0.3- 1.5 ","2","SE ","2"
"정선해양관측","102-06","1968-10-16 08:00:00","129.7967","36.0767","0","0","","1017","2","16.5","2","흐림(운량:8-10)","2","Low","2","NE ","2","FOREL-ULE SCALE III","2","","","81%-90%","2","Altostratus","2","Slight ","2","NE ","2","3.4- 5.4 ","2","NE ","2"
"정선해양관측","102-06","1968-12-04 15:15:00","129.7967","36.0767","0","0","","1012","2","13.5","2","흐림(운량:8-10)","2","Low","2","E  ","2","FOREL-ULE SCALE III","2","","","91%-100%","2","Altostratus","2","Smooth-wavelets ","2","E  ","2","0.3- 1.5 ","2","E  ","2"
"정선해양관측","102-07","1968-02-27 03:00:00","130","36.0767","0","0","","1024","2","4.8","2","쾌청(운량:0-2)","2","Low","2","NW ","2","","","","","","","","","Calm-ripples ","2","NW ","2","0.3- 1.5 ","2","NW ","2"
"정선해양관측","102-07","1968-04-20 11:35:00","130","36.0767","0","0","","1012","2","","","쾌청(운량:0-2)","2","Very Low","2","","","FOREL-ULE SCALE II","2","","","","","Cumulus","2","Calm-ripples ","2","","","0 - 0.2 ","2","SE ","2"
"정선해양관측","102-07","1968-06-08 15:50:00","130","36.0767","0","0","","1002","2","18.8","2","개임(운량:3-7)","2","Low","2","SE ","2","FOREL-ULE SCALE III","2","","","51%-60%","2","Altostratus","2","Smooth-wavelets ","2","SE ","2","1.6- 3.3 ","2","SE ","2"
"정선해양관측","102-07","1968-07-05 23:50:00","130","36.0767","0","0","","994","2","","","비","2","Very Low","2","","","","","","","91%-100%","2","Cumulus","2","Smooth-wavelets ","2","","","0.3- 1.5 ","2","SE ","2"
"정선해양관측","102-07","1968-08-19 07:00:00","130","36.0767","0","0","","1007","2","25","2","개임(운량:3-7)","2","Low","2","SW ","2","FOREL-ULE SCALE VI","2","25.1","2","31%-40%","2","Cirrus","2","Moderate ","2","SW ","2","3.4- 5.4 ","2","SW ","2"
"정선해양관측","102-07","1968-10-16 09:50:00","130","36.0767","0","0","","1017","2","17.4","2","흐림(운량:8-10)","2","Low","2","NE ","2","FOREL-ULE SCALE III","2","","","71%-80%","2","Altostratus","2","Slight ","2","NE ","2","3.4- 5.4 ","2","NE ","2"
"정선해양관측","102-07","1968-12-04 16:20:00","130","36.0767","0","0","","1012","2","12.2","2","개임(운량:3-7)","2","Low","2","E  ","2","FOREL-ULE SCALE III","2","","","61%-70%","2","Altostratus","2","Smooth-wavelets ","2","E  ","2","0.3- 1.5 ","2","E  ","2"
"정선해양관측","102-08","1968-04-20 13:50:00","130.3067","36.0767","0","0","","1012","2","","","쾌청(운량:0-2)","2","Very Low","2","","","FOREL-ULE SCALE III","2","","","","","Cirrus","2","Calm-ripples ","2","SE ","2","0.3- 1.5 ","2","SE ","2"
"정선해양관측","102-08","1968-06-08 17:50:00","130.3067","36.0767","0","0","","1001","2","20","2","개임(운량:3-7)","2","Low","2","SE ","2","","","","","41%-50%","2","Altostratus","2","Slight ","2","SE ","2","1.6- 3.3 ","2","SE ","2"
"정선해양관측","102-08","1968-07-05 22:00:00","130.3067","36.0767","0","0","","994","2","","","비","2","Very Low","2","","","","","","","91%-100%","2","Cumulus","2","Smooth-wavelets ","2","","","0.3- 1.5 ","2","SE ","2"
"정선해양관측","102-08","1968-10-16 11:50:00","130.3067","36.0767","0","0","","1017","2","18.8","2","흐림(운량:8-10)","2","Low","2","E  ","2","FOREL-ULE SCALE III","2","","","71%-80%","2","Altostratus","2","Smooth-wavelets ","2","E  ","2","1.6- 3.3 ","2","E  ","2"
"정선해양관측","102-08","1968-12-04 18:40:00","130.3067","36.0767","0","0","","1011","2","13.7","2","흐림(운량:8-10)","2","Low","2","E  ","2","","","","","91%-100%","2","Altostratus","2","Smooth-wavelets ","2","E  ","2","0.3- 1.5 ","2","E  ","2"
"정선해양관측","102-09","1968-02-26 21:08:00","130.615","36.0767","0","0","","1022","2","6.9","2","쾌청(운량:0-2)","2","Low","2","NE ","2","","","","","","","","","Calm-ripples ","2","NE ","2","0 - 0.2 ","2","NE ","2"
"정선해양관측","102-09","1968-04-20 16:20:00","130.615","36.0767","0","0","","1012","2","16.5","2","쾌청(운량:0-2)","2","","","","","FOREL-ULE SCALE III","2","","","11%-20%","2","Cirrus","2","Calm-ripples ","2","SE ","2","","","SE ","2"
"정선해양관측","102-09","1968-06-08 20:20:00","130.615","36.0767","0","0","","1001","2","19.5","2","개임(운량:3-7)","2","Low","2","SE ","2","","","","","51%-60%","2","Altostratus","2","Slight ","2","SE ","2","1.6- 3.3 ","2","NE ","2"
"정선해양관측","102-09","1968-07-05 20:20:00","130.615","36.0767","0","0","","994","2","","","비","2","Very Low","2","","","","","","","91%-100%","2","Cumulus","2","Smooth-wavelets ","2","","","0.3- 1.5 ","2","SE ","2"
"정선해양관측","102-09","1968-08-19 01:40:00","130.615","36.0767","0","0","","1009","2","24.2","2","쾌청(운량:0-2)","2","Low","2","W  ","2","","","","","","","","","Slight ","2","W  ","2","1.6- 3.3 ","2","W  ","2"
"정선해양관측","102-09","1968-10-16 14:00:00","130.615","36.0767","0","0","","1016","2","19.1","2","개임(운량:3-7)","2","Low","2","E  ","2","FOREL-ULE SCALE III","2","","","51%-60%","2","Cumulus","2","Smooth-wavelets ","2","E  ","2","1.6- 3.3 ","2","E  ","2"
"정선해양관측","102-09","1968-12-04 20:35:00","130.615","36.0767","0","0","","1011","2","14.5","2","흐림(운량:8-10)","2","Low","2","NE ","2","","","","","71%-80%","2","Altostratus","2","Calm-ripples ","2","NE ","2","1.6- 3.3 ","2","NE ","2"
"정선해양관측","102-10","1968-04-20 18:20:00","130.9183","36.0767","0","0","","1012","2","16","2","쾌청(운량:0-2)","2","Very Low","2","","","FOREL-ULE SCALE III","2","","","11%-20%","2","Cirrus","2","Calm-ripples ","2","SE ","2","","","SE ","2"
"정선해양관측","102-10","1968-06-08 22:45:00","130.9183","36.0767","0","0","","1001","2","19.2","2","흐림(운량:8-10)","2","Low","2","SE ","2","","","","","51%-60%","2","Altostratus","2","Slight ","2","SE ","2","5.5- 7.9 ","2","SE ","2"
"정선해양관측","102-10","1968-10-16 16:30:00","130.9183","36.0767","0","0","","1016","2","19.7","2","개임(운량:3-7)","2","Low","2","NE ","2","FOREL-ULE SCALE III","2","","","51%-60%","2","Cumulus","2","Smooth-wavelets ","2","NE ","2","1.6- 3.3 ","2","NE ","2"
"정선해양관측","102-10","1968-12-04 22:40:00","130.9183","36.0767","0","0","","1012","2","12.5","2","개임(운량:3-7)","2","Low","2","NW ","2","","","","","41%-50%","2","Altostratus","2","Calm-ripples ","2","NW ","2","0.3- 1.5 ","2","NW ","2"
"정선해양관측","102-11","1968-02-26 16:20:00","131.2267","36.0767","0","0","","1022","2","8.2","2","쾌청(운량:0-2)","2","Low","2","NNE","2","FOREL-ULE SCALE III","2","","","11%-20%","2","Cumulus","2","Smooth-wavelets ","2","NNE","2","1.6- 3.3 ","2","W  ","2"
"정선해양관측","102-11","1968-04-20 20:25:00","131.2267","36.0767","0","0","","1010","2","12.5","2","쾌청(운량:0-2)","2","Very Low","2","","","","","","","11%-20%","2","Cirrus","2","Calm-ripples ","2","SE ","2","1.6- 3.3 ","2","S  ","2"
"정선해양관측","102-11","1968-06-09 00:10:00","131.2267","36.0767","0","0","","1001","2","18.7","2","흐림(운량:8-10)","2","Low","2","SE ","2","","","","","61%-70%","2","Altostratus","2","Slight ","2","SE ","2","1.6- 3.3 ","2","SE ","2"
"정선해양관측","102-11","1968-08-18 20:25:00","131.2267","36.0767","0","0","","1009.5","2","25","2","흐림(운량:8-10)","2","Low","2","SW ","2","","","24.9","2","91%-100%","2","Cirrus","2","Slight ","2","SW ","2","1.6- 3.3 ","2","SW ","2"
"정선해양관측","102-11","1968-10-16 18:50:00","131.2267","36.0767","0","0","","1014.5","2","20.5","2","개임(운량:3-7)","2","Low","2","NE ","2","","","","","41%-50%","2","Stratocumulus","2","Smooth-wavelets ","2","NE ","2","1.6- 3.3 ","2","NE ","2"
"정선해양관측","102-11","1968-12-05 00:50:00","131.2267","36.0767","0","0","","1012","2","","","개임(운량:3-7)","2","Very Low","2","","","","","","","31%-40%","2","Altostratus","2","Calm-glassy ","2","NW ","2","0 - 0.2 ","2","NW ","2"
"정선해양관측","102-13","1968-02-26 11:45:00","131.8433","36.0767","0","0","","1024","2","8.6","2","흐림(운량:8-10)","2","Low","2","NE ","2","FOREL-ULE SCALE III","2","","","71%-80%","2","Stratocumulus","2","Smooth-wavelets ","2","NE ","2","1.6- 3.3 ","2","NW ","2"
"정선해양관측","102-13","1968-08-18 15:15:00","131.8433","36.0767","0","0","","1010","2","26.2","2","쾌청(운량:0-2)","2","Low","2","SW ","2","FOREL-ULE SCALE IV","2","26.2","2","1%-10%","2","Cirrus","2","Slight ","2","SW ","2","0.3- 1.5 ","2","SW ","2"
"정선해양관측","103-04","1968-02-28 17:45:00","129.5017","36.505","0","0","","1029","2","10.6","2","쾌청(운량:0-2)","2","Very Low","2","NW ","2","FOREL-ULE SCALE IV","2","","","11%-20%","2","Stratocumulus","2","Calm-ripples ","2","NW ","2","1.6- 3.3 ","2","S  ","2"
"정선해양관측","103-04","1968-04-21 15:00:00","129.5017","36.505","0","0","","1008","2","","","개임(운량:3-7)","2","Very Low","2","","","FOREL-ULE SCALE III","2","","","41%-50%","2","Cirrus","2","Calm-ripples ","2","SW ","2","0 - 0.2 ","2","SW ","2"
"정선해양관측","103-04","1968-06-09 14:30:00","129.5017","36.505","0","0","","995","2","18.1","2","비","2","Low","2","SE ","2","FOREL-ULE SCALE III","2","","","91%-100%","2","Altostratus","2","Slight ","2","SE ","2","3.4- 5.4 ","2","SE ","2"
"정선해양관측","103-04","1968-08-14 12:40:00","129.5017","36.505","0","0","","1010","2","25.4","2","쾌청(운량:0-2)","2","Very Low","2","NE ","2","FOREL-ULE SCALE V","2","25.1","2","11%-20%","2","Stratus","2","Calm-ripples ","2","E  ","2","0 - 0.2 ","2","NE ","2"
"정선해양관측","103-04","1968-10-17 12:00:00","129.5017","36.505","0","0","","1014.5","2","14.5","2","개임(운량:3-7)","2","Low","2","SW ","2","FOREL-ULE SCALE III","2","","","51%-60%","2","Altostratus","2","Smooth-wavelets ","2","SW ","2","3.4- 5.4 ","2","SW ","2"
"정선해양관측","103-04","1968-12-05 16:45:00","129.5017","36.505","0","0","","1011","2","16.2","2","쾌청(운량:0-2)","2","Very Low","2","W  ","2","FOREL-ULE SCALE III","2","","","1%-10%","2","Cirrus","2","Calm-ripples ","2","W  ","2","0 - 0.2 ","2","W  ","2"
"정선해양관측","103-05","1968-02-28 18:30:00","129.59","36.505","0","0","","1021.5","2","9.2","2","흐림(운량:8-10)","2","Low","2","NE ","2","","","","","91%-100%","2","Nimbostratus","2","Slight ","2","NE ","2","1.6- 3.3 ","2","SW ","2"
"정선해양관측","103-05","1968-04-21 13:05:00","129.59","36.505","0","0","","1015","2","","","개임(운량:3-7)","2","Very Low","2","","","FOREL-ULE SCALE II","2","","","31%-40%","2","Cirrus","2","Calm-ripples ","2","SW ","2","0.3- 1.5 ","2","SW ","2"
"정선해양관측","103-05","1968-06-09 13:10:00","129.59","36.505","0","0","","995.3","2","18.2","2","비","2","Low","2","SE ","2","FOREL-ULE SCALE II","2","","","91%-100%","2","Altostratus","2","Slight ","2","SE ","2","1.6- 3.3 ","2","SE ","2"
"정선해양관측","103-05","1968-08-14 13:35:00","129.59","36.505","0","0","","1010","2","25.9","2","쾌청(운량:0-2)","2","Very Low","2","NE ","2","FOREL-ULE SCALE IV","2","25.4","2","11%-20%","2","Cumulus","2","Calm-ripples ","2","NE ","2","0 - 0.2 ","2","NE ","2"
"정선해양관측","103-05","1968-10-17 11:10:00","129.59","36.505","0","0","","1014.5","2","15.6","2","개임(운량:3-7)","2","Low","2","SW ","2","FOREL-ULE SCALE III","2","","","21%-30%","2","Altostratus","2","Smooth-wavelets ","2","SW ","2","1.6- 3.3 ","2","SW ","2"
"정선해양관측","103-05","1968-12-05 15:50:00","129.59","36.505","0","0","","1011.5","2","16.2","2","쾌청(운량:0-2)","2","Very Low","2","NW ","2","FOREL-ULE SCALE IV","2","","","1%-10%","2","Cirrus","2","Smooth-wavelets ","2","NW ","2","0.3- 1.5 ","2","NW ","2"
"정선해양관측","103-06","1968-04-21 10:20:00","129.7883","36.505","0","0","","1015","2","","","개임(운량:3-7)","2","Very Low","2","SW ","2","FOREL-ULE SCALE II","2","","","31%-40%","2","Cirrus","2","Calm-ripples ","2","SW ","2","0.3- 1.5 ","2","SW ","2"
"정선해양관측","103-06","1968-06-09 11:30:00","129.7883","36.505","0","0","","997","2","19.5","2","흐림(운량:8-10)","2","Low","2","SE ","2","FOREL-ULE SCALE II","2","","","81%-90%","2","Altocumulus","2","Moderate ","2","SE ","2","3.4- 5.4 ","2","SE ","2"
"정선해양관측","103-06","1968-10-17 09:30:00","129.7883","36.505","0","0","","1014","2","15.8","2","개임(운량:3-7)","2","Low","2","SW ","2","FOREL-ULE SCALE III","2","","","21%-30%","2","Altostratus","2","Smooth-wavelets ","2","SW ","2","1.6- 3.3 ","2","SW ","2"
"정선해양관측","103-06","1968-12-05 14:30:00","129.7883","36.505","0","0","","1011","2","16.3","2","쾌청(운량:0-2)","2","Very Low","2","NW ","2","FOREL-ULE SCALE III","2","","","1%-10%","2","Cirrus","2","Smooth-wavelets ","2","NW ","2","0.3- 1.5 ","2","NW ","2"
"정선해양관측","103-07","1968-02-28 21:25:00","130","36.505","0","0","","1021.5","2","9.2","2","흐림(운량:8-10)","2","Low","2","NE ","2","","","","","91%-100%","2","Nimbostratus","2","Slight ","2","NE ","2","1.6- 3.3 ","2","SW ","2"
"정선해양관측","103-07","1968-04-21 07:35:00","130","36.505","0","0","","1015","2","","","개임(운량:3-7)","2","Very Low","2","","","FOREL-ULE SCALE II","2","","","31%-40%","2","Cirrus","2","Calm-ripples ","2","SW ","2","0.3- 1.5 ","2","SW ","2"
"정선해양관측","103-07","1968-06-09 09:50:00","130","36.505","0","0","","995.3","2","18.7","2","흐림(운량:8-10)","2","Low","2","SE ","2","","","","","91%-100%","2","Altostratus","2","Slight ","2","SE ","2","3.4- 5.4 ","2","SE ","2"
"정선해양관측","103-07","1968-08-14 16:50:00","130","36.505","0","0","","1010.5","2","26.3","2","개임(운량:3-7)","2","Very Low","2","E  ","2","FOREL-ULE SCALE III","2","26","2","51%-60%","2","Nimbostratus","2","Calm-ripples ","2","E  ","2","0 - 0.2 ","2","SE ","2"
"정선해양관측","103-07","1968-10-17 07:40:00","130","36.505","0","0","","1014","2","17.3","2","개임(운량:3-7)","2","Low","2","SW ","2","FOREL-ULE SCALE III","2","","","51%-60%","2","Altostratus","2","Calm-ripples ","2","SW ","2","5.5- 7.9 ","2","SW ","2"
"정선해양관측","103-07","1968-12-05 12:50:00","130","36.505","0","0","","1011","2","14.3","2","쾌청(운량:0-2)","2","Low","2","NW ","2","FOREL-ULE SCALE III","2","","","1%-10%","2","Cirrus","2","Slight ","2","NW ","2","0.3- 1.5 ","2","NW ","2"
"정선해양관측","103-08","1968-04-21 06:00:00","130.3117","36.505","0","0","","1015","2","","","개임(운량:3-7)","2","Low","2","","","","","","","31%-40%","2","Cirrus","2","Calm-ripples ","2","SW ","2","0.3- 1.5 ","2","SW ","2"
"정선해양관측","103-08","1968-06-09 07:55:00","130.3117","36.505","0","0","","997.5","2","18.2","2","흐림(운량:8-10)","2","Low","2","SE ","2","FOREL-ULE SCALE III","2","","","71%-80%","2","Altostratus","2","Moderate ","2","SE ","2","3.4- 5.4 ","2","SE ","2"
"정선해양관측","103-08","1968-10-17 05:10:00","130.3117","36.505","0","0","","1014","2","16.4","2","개임(운량:3-7)","2","Very Low","2","NE ","2","","","","","41%-50%","2","Altostratus","2","Smooth-wavelets ","2","NE ","2","1.6- 3.3 ","2","NE ","2"
"정선해양관측","103-08","1968-12-05 10:45:00","130.3117","36.505","0","0","","1011","2","13.9","2","쾌청(운량:0-2)","2","Very Low","2","W  ","2","FOREL-ULE SCALE IV","2","","","Zero","2","","","Calm-ripples ","2","W  ","2","0 - 0.2 ","2","W  ","2"
"정선해양관측","103-09","1968-03-02 16:00:00","130.6217","36.505","0","0","","1019","2","4.6","2","쾌청(운량:0-2)","2","Low","2","SE ","2","FOREL-ULE SCALE IV","2","","","1%-10%","2","Cirrus","2","Calm-ripples ","2","SE ","2","0 - 0.2 ","2","NE ","2"
"정선해양관측","103-09","1968-04-21 03:35:00","130.6217","36.505","0","0","","1015","2","","","쾌청(운량:0-2)","2","Very Low","2","S  ","2","","","","","1%-10%","2","Cirrus","2","Calm-ripples ","2","S  ","2","1.6- 3.3 ","2","S  ","2"
"정선해양관측","103-09","1968-06-09 05:45:00","130.6217","36.505","0","0","","997","2","18.5","2","흐림(운량:8-10)","2","Low","2","SE ","2","","","","","71%-80%","2","Altocumulus","2","Slight ","2","SE ","2","3.4- 5.4 ","2","SE ","2"
"정선해양관측","103-09","1968-08-14 21:35:00","130.6217","36.505","0","0","","1010.5","2","25","2","흐림(운량:8-10)","2","Very Low","2","E  ","2","","","","","91%-100%","2","Altostratus","2","Calm-ripples ","2","E  ","2","0 - 0.2 ","2","SE ","2"
"정선해양관측","103-09","1968-10-17 02:45:00","130.6217","36.505","0","0","","1014","2","16.3","2","개임(운량:3-7)","2","Low","2","NE ","2","","","","","31%-40%","2","Altostratus","2","Smooth-wavelets ","2","NE ","2","0.3- 1.5 ","2","NE ","2"
"정선해양관측","103-09","1968-12-05 08:30:00","130.6217","36.505","0","0","","1010.5","2","13.9","2","쾌청(운량:0-2)","2","Very Low","2","SW ","2","FOREL-ULE SCALE IV","2","","","1%-10%","2","Altostratus","2","Calm-ripples ","2","SW ","2","0.3- 1.5 ","2","SW ","2"
"정선해양관측","103-10","1968-04-21 01:55:00","130.9267","36.505","0","0","","1010","2","","","쾌청(운량:0-2)","2","Very Low","2","S  ","2","","","","","","","","","Calm-ripples ","2","S  ","2","1.6- 3.3 ","2","S  ","2"
"정선해양관측","103-10","1968-06-09 03:30:00","130.9267","36.505","0","0","","995","2","18.5","2","흐림(운량:8-10)","2","Low","2","SE ","2","","","","","71%-80%","2","Altostratus","2","Slight ","2","SE ","2","3.4- 5.4 ","2","SE ","2"
"정선해양관측","103-10","1968-10-17 00:30:00","130.9267","36.505","0","0","","1014.5","2","16.5","2","개임(운량:3-7)","2","Very Low","2","NE ","2","","","","","41%-50%","2","Stratocumulus","2","Smooth-wavelets ","2","NE ","2","1.6- 3.3 ","2","NE ","2"
"정선해양관측","103-10","1968-12-05 06:30:00","130.9267","36.505","0","0","","1011","2","12.4","2","쾌청(운량:0-2)","2","Very Low","2","NW ","2","","","","","1%-10%","2","Altostratus","2","Calm-ripples ","2","NW ","2","0 - 0.2 ","2","NW ","2"
"정선해양관측","103-11","1968-03-02 20:20:00","131.233","36.505","0","0","","1020","2","3.7","2","쾌청(운량:0-2)","2","Low","2","SE ","2","","","","","","","","","Calm-ripples ","2","SE ","2","0.3- 1.5 ","2","NW ","2"
"정선해양관측","103-11","1968-04-20 22:50:00","131.233","36.505","0","0","","1010","2","","","개임(운량:3-7)","2","Very Low","2","S  ","2","","","","","21%-30%","2","Cirrus","2","Calm-ripples ","2","S  ","2","0.3- 1.5 ","2","N  ","2"
"정선해양관측","103-11","1968-06-09 01:35:00","131.233","36.505","0","0","","995","2","18.9","2","흐림(운량:8-10)","2","Low","2","SE ","2","","","","","71%-80%","2","Altocumulus","2","Slight ","2","SE ","2","5.5- 7.9 ","2","SE ","2"
"정선해양관측","103-11","1968-08-15 03:00:00","131.233","36.505","0","0","","1009.5","2","25.4","2","개임(운량:3-7)","2","Very Low","2","E  ","2","","","25.2","2","51%-60%","2","Cumulus","2","Calm-ripples ","2","E  ","2","0 - 0.2 ","2","NE ","2"
"정선해양관측","103-11","1968-10-16 22:00:00","131.233","36.505","0","0","","1015","2","17.1","2","개임(운량:3-7)","2","Low","2","NE ","2","","","","","31%-40%","2","Stratocumulus","2","Smooth-wavelets ","2","NE ","2","3.4- 5.4 ","2","NE ","2"
"정선해양관측","103-11","1968-12-05 04:30:00","131.233","36.505","0","0","","1011","2","12.4","2","쾌청(운량:0-2)","2","Very Low","2","NW ","2","","","","","1%-10%","2","Altostratus","2","Calm-ripples ","2","NW ","2","0.3- 1.5 ","2","NW ","2"
"정선해양관측","103-13","1968-03-03 00:40:00","131.8533","36.505","0","0","","1021","2","3","2","쾌청(운량:0-2)","2","Low","2","SE ","2","","","","","","","","","Calm-ripples ","2","SE ","2","0 - 0.2 ","2","NNW","2"
"정선해양관측","103-13","1968-08-15 07:35:00","131.8533","36.505","0","0","","1009.5","2","25.6","2","흐림(운량:8-10)","2","Low","2","E  ","2","FOREL-ULE SCALE IV","2","","","91%-100%","2","Altostratus","2","Smooth-wavelets ","2","E  ","2","0.3- 1.5 ","2","NE ","2"
"정선해양관측","104-04","1968-03-09 17:00:00","129.48","37.0567","0","0","","1022","2","3.8","2","쾌청(운량:0-2)","2","Low","2","W  ","2","FOREL-ULE SCALE V","2","","","","","","","Calm-ripples ","2","W  ","2","0 - 0.2 ","2","SE ","2"
"정선해양관측","104-04","1968-04-23 06:20:00","129.48","37.0567","0","0","","1008","2","11","2","쾌청(운량:0-2)","2","Very Low","2","SE ","2","FOREL-ULE SCALE III","2","","","11%-20%","2","Cirrostratus","2","Calm-ripples ","2","SE ","2","0 - 0.2 ","2","SE ","2"
"정선해양관측","104-04","1968-06-12 14:00:00","129.48","37.0567","0","0","","998.5","2","21.4","2","개임(운량:3-7)","2","Very Low","2","NE ","2","FOREL-ULE SCALE II","2","","","61%-70%","2","Cirrostratus","2","Calm-glassy ","2","NE ","2","0 - 0.2 ","2","NE ","2"
"정선해양관측","104-04","1968-07-05 05:30:00","129.48","37.0567","0","0","","1001","2","","","개임(운량:3-7)","2","No Swell","2","","","FOREL-ULE SCALE III","2","","","61%-70%","2","Cirrus","2","Calm-ripples ","2","","","0.3- 1.5 ","2","S  ","2"
"정선해양관측","104-04","1968-08-09 10:45:00","129.48","37.0567","0","0","","1009","2","26.8","2","흐림(운량:8-10)","2","Very Low","2","N  ","2","FOREL-ULE SCALE VI","2","25.6","2","81%-90%","2","Cumulus","2","Calm-ripples ","2","N  ","2","0 - 0.2 ","2","N  ","2"
"정선해양관측","104-04","1968-10-22 06:55:00","129.48","37.0567","0","0","","1010","2","14.5","2","쾌청(운량:0-2)","2","Low","2","SW ","2","","","","","11%-20%","2","Altostratus","2","Calm-ripples ","2","SW ","2","0.3- 1.5 ","2","SW ","2"
"정선해양관측","104-04","1968-12-06 18:25:00","129.48","37.0567","0","0","","1014.5","2","13.9","2","쾌청(운량:0-2)","2","Very Low","2","SW ","2","","","","","11%-20%","2","Cirrus","2","Calm-ripples ","2","SW ","2","0.3- 1.5 ","2","SW ","2"
"정선해양관측","104-05","1968-03-09 18:00:00","129.56","37.0567","0","0","","1022","2","2.9","2","쾌청(운량:0-2)","2","Low","2","SW ","2","","","","","","","","","Calm-ripples ","2","SW ","2","0 - 0.2 ","2","SE ","2"
"정선해양관측","104-05","1968-04-23 07:20:00","129.56","37.0567","0","0","","1008","2","11","2","쾌청(운량:0-2)","2","Very Low","2","SE ","2","FOREL-ULE SCALE III","2","","","11%-20%","2","Cirrostratus","2","Calm-ripples ","2","SE ","2","0 - 0.2 ","2","SE ","2"
"정선해양관측","104-05","1968-06-12 15:25:00","129.56","37.0567","0","0","","998.2","2","19.7","2","개임(운량:3-7)","2","Very Low","2","NE ","2","FOREL-ULE SCALE III","2","","","41%-50%","2","Cirrostratus","2","Calm-ripples ","2","NE ","2","0 - 0.2 ","2","NE ","2"
"정선해양관측","104-05","1968-06-21 15:25:00","129.56","37.0567","0","0","","998.2","2","19.7","2","개임(운량:3-7)","2","Very Low","2","NE ","2","FOREL-ULE SCALE III","2","","","41%-50%","2","Cirrostratus","2","Calm-ripples ","2","NE ","2","0 - 0.2 ","2","NE ","2"
"정선해양관측","104-05","1968-07-05 06:20:00","129.56","37.0567","0","0","","1000","2","","","흐림(운량:8-10)","2","No Swell","2","","","FOREL-ULE SCALE III","2","","","61%-70%","2","Cirrus","2","Calm-ripples ","2","","","0.3- 1.5 ","2","S  ","2"
"정선해양관측","104-05","1968-08-09 11:30:00","129.56","37.0567","0","0","","1008","2","26.4","2","흐림(운량:8-10)","2","Very Low","2","NW ","2","FOREL-ULE SCALE V","2","26.2","2","71%-80%","2","Cumulus","2","Calm-ripples ","2","NW ","2","0.3- 1.5 ","2","N  ","2"
"정선해양관측","104-05","1968-10-22 07:35:00","129.56","37.0567","0","0","","1010","2","14.5","2","쾌청(운량:0-2)","2","Very Low","2","SW ","2","FOREL-ULE SCALE III","2","","","11%-20%","2","Altostratus","2","Calm-ripples ","2","SW ","2","0.3- 1.5 ","2","SW ","2"
"정선해양관측","104-05","1968-12-06 20:00:00","129.56","37.0567","0","0","","1014.5","2","13.5","2","쾌청(운량:0-2)","2","Very Low","2","SW ","2","","","","","21%-30%","2","Cirrus","2","Calm-ripples ","2","SW ","2","5.5- 7.9 ","2","SW ","2"
"정선해양관측","104-06","1968-04-23 09:15:00","129.7933","37.0567","0","0","","1008","2","14","2","쾌청(운량:0-2)","2","Very Low","2","SE ","2","FOREL-ULE SCALE III","2","","","11%-20%","2","Cirrostratus","2","Calm-ripples ","2","SE ","2","0 - 0.2 ","2","SE ","2"
"정선해양관측","104-06","1968-06-13 08:05:00","129.7933","37.0567","0","0","","1004","2","19.7","2","개임(운량:3-7)","2","Very Low","2","NE ","2","FOREL-ULE SCALE III","2","","","41%-50%","2","Cirrostratus","2","Calm-ripples ","2","NE ","2","0.3- 1.5 ","2","NE ","2"
"정선해양관측","104-06","1968-07-05 07:30:00","129.7933","37.0567","0","0","","1000","2","","","흐림(운량:8-10)","2","No Swell","2","","","FOREL-ULE SCALE III","2","","","71%-80%","2","Cirrus","2","Calm-ripples ","2","","","0.3- 1.5 ","2","S  ","2"
"정선해양관측","104-06","1968-10-22 09:30:00","129.7933","37.0567","0","0","","1020.5","2","18.3","2","개임(운량:3-7)","2","Low","2","E  ","2","FOREL-ULE SCALE III","2","","","21%-30%","2","Cumulus","2","Smooth-wavelets ","2","E  ","2","0 - 0.2 ","2","E  ","2"
"정선해양관측","104-06","1968-12-06 21:25:00","129.7933","37.0567","0","0","","1014.5","2","13.5","2","개임(운량:3-7)","2","Very Low","2","SW ","2","","","","","21%-30%","2","Cirrus","2","Calm-ripples ","2","SW ","2","5.5- 7.9 ","2","SW ","2"
"정선해양관측","104-07","1968-03-09 20:35:00","130","37.0567","0","0","","1022","2","3.5","2","쾌청(운량:0-2)","2","Low","2","SE ","2","","","","","","","","","Calm-ripples ","2","SE ","2","0.3- 1.5 ","2","S  ","2"
"정선해양관측","104-07","1968-04-23 10:55:00","130","37.0567","0","0","","1008","2","15","2","쾌청(운량:0-2)","2","Very Low","2","SE ","2","FOREL-ULE SCALE II","2","","","11%-20%","2","Cirrostratus","2","Calm-ripples ","2","SE ","2","0 - 0.2 ","2","SE ","2"
"정선해양관측","104-07","1968-06-13 10:00:00","130","37.0567","0","0","","1004.2","2","18.2","2","개임(운량:3-7)","2","Very Low","2","NE ","2","FOREL-ULE SCALE III","2","","","61%-70%","2","Cirrostratus","2","Calm-ripples ","2","NE ","2","3.4- 5.4 ","2","NE ","2"
"정선해양관측","104-07","1968-07-05 09:00:00","130","37.0567","0","0","","1000","2","","","흐림(운량:8-10)","2","No Swell","2","","","FOREL-ULE SCALE III","2","","","71%-80%","2","Cirrus","2","Calm-ripples ","2","","","0.3- 1.5 ","2","S  ","2"
"정선해양관측","104-07","1968-08-09 15:30:00","130","37.0567","0","0","","1007.5","2","24.9","2","흐림(운량:8-10)","2","Very Low","2","NW ","2","FOREL-ULE SCALE IV","2","24.1","2","81%-90%","2","Stratus","2","Calm-ripples ","2","NW ","2","0.3- 1.5 ","2","N  ","2"
"정선해양관측","104-07","1968-10-22 11:20:00","130","37.0567","0","0","","1020","2","17.5","2","개임(운량:3-7)","2","Very Low","2","SW ","2","FOREL-ULE SCALE II","2","","","41%-50%","2","Cumulus","2","Calm-ripples ","2","SW ","2","0 - 0.2 ","2","SW ","2"
"정선해양관측","104-07","1968-12-06 23:10:00","130","37.0567","0","0","","1012","2","14.5","2","쾌청(운량:0-2)","2","Low","2","NE ","2","","","","","","","","","Smooth-wavelets ","2","NE ","2","0 - 0.2 ","2","NE ","2"
"정선해양관측","104-08","1968-04-23 13:55:00","130.3117","37.0567","0","0","","1010","2","15.5","2","쾌청(운량:0-2)","2","Very Low","2","SE ","2","FOREL-ULE SCALE III","2","","","1%-10%","2","Cirrus","2","Calm-ripples ","2","SE ","2","","","SE ","2"
"정선해양관측","104-08","1968-06-13 12:05:00","130.3117","37.0567","0","0","","1004.5","2","18.4","2","개임(운량:3-7)","2","Very Low","2","NE ","2","FOREL-ULE SCALE III","2","","","61%-70%","2","Cirrostratus","2","Calm-ripples ","2","NE ","2","1.6- 3.3 ","2","NE ","2"
"정선해양관측","104-08","1968-07-05 11:00:00","130.3117","37.0567","0","0","","1000","2","","","흐림(운량:8-10)","2","No Swell","2","","","FOREL-ULE SCALE III","2","","","91%-100%","2","Cirrus","2","Calm-ripples ","2","","","0.3- 1.5 ","2","SW ","2"
"정선해양관측","104-08","1968-10-22 14:30:00","130.3117","37.0567","0","0","","1019","2","20.2","2","쾌청(운량:0-2)","2","Low","2","E  ","2","FOREL-ULE SCALE II","2","","","11%-20%","2","Cumulus","2","Calm-ripples ","2","E  ","2","0 - 0.2 ","2","E  ","2"
"정선해양관측","104-08","1968-12-07 14:20:00","130.3117","37.0567","0","0","","1014.7","2","17.6","2","쾌청(운량:0-2)","2","Very Low","2","NE ","2","FOREL-ULE SCALE III","2","","","1%-10%","2","Cumulus","2","Calm-ripples ","2","NE ","2","0.3- 1.5 ","2","NE ","2"
"정선해양관측","104-09","1968-03-10 00:10:00","130.6267","37.0567","0","0","","1022","2","4.3","2","쾌청(운량:0-2)","2","Low","2","NE ","2","","","","","","","","","Calm-ripples ","2","NE ","2","0.3- 1.5 ","2","W  ","2"
"정선해양관측","104-09","1968-04-23 16:10:00","130.6267","37.0567","0","0","","1011","2","15","2","쾌청(운량:0-2)","2","Very Low","2","NE ","2","FOREL-ULE SCALE III","2","","","11%-20%","2","Stratus","2","Calm-ripples ","2","NE ","2","0 - 0.2 ","2","NE ","2"
"정선해양관측","104-09","1968-06-13 14:10:00","130.6267","37.0567","0","0","","1003.6","2","19.5","2","개임(운량:3-7)","2","Low","2","NE ","2","FOREL-ULE SCALE III","2","","","41%-50%","2","Cirrostratus","2","Smooth-wavelets ","2","NE ","2","1.6- 3.3 ","2","NE ","2"
"정선해양관측","104-09","1968-07-05 12:45:00","130.6267","37.0567","0","0","","1000","2","","","흐림(운량:8-10)","2","No Swell","2","","","FOREL-ULE SCALE III","2","","","91%-100%","2","Cirrus","2","Smooth-wavelets ","2","","","0.3- 1.5 ","2","SW ","2"
"정선해양관측","104-09","1968-08-09 20:00:00","130.6267","37.0567","0","0","","1009","2","23.9","2","쾌청(운량:0-2)","2","Very Low","2","NW ","2","","","23.6","2","11%-20%","2","Cirrus","2","Calm-ripples ","2","NW ","2","0 - 0.2 ","2","N  ","2"
"정선해양관측","104-09","1968-10-22 15:50:00","130.6267","37.0567","0","0","","1020.5","2","21.6","2","개임(운량:3-7)","2","Low","2","E  ","2","FOREL-ULE SCALE III","2","","","21%-30%","2","Cumulus","2","","","E  ","2","0 - 0.2 ","2","E  ","2"
"정선해양관측","104-09","1968-12-07 16:25:00","130.6267","37.0567","0","0","","1014.7","2","17.6","2","쾌청(운량:0-2)","2","Very Low","2","NE ","2","FOREL-ULE SCALE III","2","","","1%-10%","2","Cumulus","2","Calm-ripples ","2","NE ","2","0.3- 1.5 ","2","NE ","2"
"정선해양관측","104-10","1968-04-23 18:10:00","130.94","37.0567","0","0","","1011","2","13.5","2","개임(운량:3-7)","2","Very Low","2","NE ","2","FOREL-ULE SCALE III","2","","","31%-40%","2","Stratus","2","Calm-ripples ","2","NE ","2","0 - 0.2 ","2","NE ","2"
"정선해양관측","104-10","1968-06-13 16:35:00","130.94","37.0567","0","0","","1003.5","2","19.4","2","개임(운량:3-7)","2","Low","2","NE ","2","FOREL-ULE SCALE III","2","","","61%-70%","2","Cirrostratus","2","Slight ","2","NE ","2","1.6- 3.3 ","2","NE ","2"
"정선해양관측","104-10","1968-07-05 14:30:00","130.94","37.0567","0","0","","1000","2","","","흐림(운량:8-10)","2","No Swell","2","","","FOREL-ULE SCALE III","2","","","91%-100%","2","Cirrus","2","Smooth-wavelets ","2","","","0.3- 1.5 ","2","SW ","2"
"정선해양관측","104-10","1968-10-22 18:05:00","130.94","37.0567","0","0","","1010","2","16.2","2","쾌청(운량:0-2)","2","Low","2","E  ","2","","","","","11%-20%","2","Cumulus","2","Calm-ripples ","2","E  ","2","1.6- 3.3 ","2","E  ","2"
"정선해양관측","104-10","1968-12-07 18:30:00","130.94","37.0567","0","0","","1016","2","13.7","2","쾌청(운량:0-2)","2","Low","2","NE ","2","","","","","1%-10%","2","Cirrus","2","Smooth-wavelets ","2","NE ","2","5.5- 7.9 ","2","NE ","2"
"정선해양관측","104-11","1968-03-04 15:20:00","131.255","37.0567","0","0","","1018","2","5.9","2","개임(운량:3-7)","2","Low","2","N  ","2","FOREL-ULE SCALE IV","2","","","61%-70%","2","Cirrostratus","2","Moderate ","2","N  ","2","1.6- 3.3 ","2","SW ","2"
"정선해양관측","104-11","1968-04-23 20:15:00","131.255","37.0567","0","0","","1012","2","12","2","쾌청(운량:0-2)","2","Very Low","2","NE ","2","","","","","11%-20%","2","Stratus","2","Calm-ripples ","2","NE ","2","0.3- 1.5 ","2","NE ","2"
"정선해양관측","104-11","1968-06-13 19:00:00","131.255","37.0567","0","0","","1003.7","2","20.2","2","개임(운량:3-7)","2","Low","2","NE ","2","FOREL-ULE SCALE III","2","","","31%-40%","2","Cirrostratus","2","Smooth-wavelets ","2","NE ","2","1.6- 3.3 ","2","NE ","2"
"정선해양관측","104-11","1968-08-10 00:55:00","131.255","37.0567","0","0","","1008","2","23.9","2","쾌청(운량:0-2)","2","Very Low","2","NW ","2","","","23.5","2","11%-20%","2","Cirrus","2","Calm-ripples ","2","NW ","2","0 - 0.2 ","2","NE ","2"
"정선해양관측","104-11","1968-10-22 20:00:00","131.255","37.0567","0","0","","1018","2","16.8","2","쾌청(운량:0-2)","2","Very Low","2","NE ","2","","","","","11%-20%","2","Cumulus","2","Calm-ripples ","2","NE ","2","0.3- 1.5 ","2","NE ","2"
"정선해양관측","104-11","1968-12-07 20:35:00","131.255","37.0567","0","0","","1017.5","2","13.5","2","쾌청(운량:0-2)","2","Very Low","2","","","","","","","1%-10%","2","Cirrus","2","Calm-glassy ","2","NE ","2","0.3- 1.5 ","2","NE ","2"
"정선해양관측","104-12","1968-06-13 21:30:00","131.5633","37.0567","0","0","","1003.7","2","18.8","2","개임(운량:3-7)","2","Low","2","NE ","2","","","","","41%-50%","2","Cirrostratus","2","Smooth-wavelets ","2","NE ","2","1.6- 3.3 ","2","NE ","2"
"정선해양관측","104-13","1968-03-03 06:20:00","131.8767","37.0567","0","0","","1020","2","28","2","흐림(운량:8-10)","2","Low","2","SW ","2","FOREL-ULE SCALE V","2","","","51%-60%","2","Cumulus","2","Calm-ripples ","2","SW ","2","0 - 0.2 ","2","NE ","2"
"정선해양관측","104-13","1968-06-13 23:50:00","131.8767","37.0567","0","0","","1004","2","13.3","2","개임(운량:3-7)","2","Low","2","E  ","2","","","","","21%-30%","2","Cirrostratus","2","Smooth-wavelets ","2","E  ","2","3.4- 5.4 ","2","NE ","2"
"정선해양관측","104-13","1968-08-10 06:24:00","131.8767","37.0567","0","0","","1011","2","24.8","2","개임(운량:3-7)","2","Low","2","NW ","2","FOREL-ULE SCALE III","2","","","51%-60%","2","Stratocumulus","2","Smooth-wavelets ","2","NW ","2","1.6- 3.3 ","2","NE ","2"
"정선해양관측","104-15","1968-03-03 11:15:00","132.4917","37.0567","0","0","","1020","2","9.4","2","쾌청(운량:0-2)","2","Very Low","2","","","FOREL-ULE SCALE V","2","","","11%-20%","2","Cirrus","2","","","S  ","2","","","",""
"정선해양관측","104-15","1968-08-15 13:45:00","132.4917","37.0567","0","0","","1009","2","26.8","2","흐림(운량:8-10)","2","Low","2","S  ","2","FOREL-ULE SCALE III","2","26.2","2","91%-100%","2","Altostratus","2","Smooth-wavelets ","2","S  ","2","0.3- 1.5 ","2","SW ","2"
"정선해양관측","104-17","1968-03-03 16:00:00","133.1017","37.0567","0","0","","1019","2","5","2","개임(운량:3-7)","2","Very Low","2","","","FOREL-ULE SCALE V","2","","","21%-30%","2","Cumulus","2","","","SW ","2","0 - 0.2 ","2","NE ","2"
"정선해양관측","104-17","1968-08-15 18:30:00","133.1017","37.0567","0","0","","1009","2","25.6","2","흐림(운량:8-10)","2","Low","2","SE ","2","","","25.2","2","91%-100%","2","Altostratus","2","Smooth-wavelets ","2","SE ","2","1.6- 3.3 ","2","SE ","2"
"정선해양관측","104-19","1968-03-03 19:55:00","133.7183","37.0567","0","0","","1020","2","4.2","2","쾌청(운량:0-2)","2","Low","2","SE ","2","","","","","1%-10%","2","Cumulus","2","Calm-ripples ","2","SE ","2","0 - 0.2 ","2","W  ","2"
"정선해양관측","104-19","1968-08-15 22:30:00","133.7183","37.0567","0","0","","1009.5","2","24.8","2","흐림(운량:8-10)","2","Low","2","NW ","2","","","24.5","2","91%-100%","2","Altostratus","2","Smooth-wavelets ","2","NW ","2","1.6- 3.3 ","2","W  ","2"
"정선해양관측","104-21","1968-03-04 00:35:00","134.34","37.0567","0","0","","1020","2","4.5","2","쾌청(운량:0-2)","2","Low","2","E  ","2","","","","","","","","","Smooth-wavelets ","2","E  ","2","0.3- 1.5 ","2","SW ","2"
"정선해양관측","104-21","1968-08-16 02:30:00","134.34","37.0567","0","0","","1009","2","25.6","2","흐림(운량:8-10)","2","Low","2","NE ","2","","","25.2","2","91%-100%","2","Altostratus","2","Calm-ripples ","2","NE ","2","0.3- 1.5 ","2","N  ","2"
"정선해양관측","105-03","1968-03-06 10:00:00","129.1717","37.5533","0","0","","1021","2","7.4","2","쾌청(운량:0-2)","2","","","N  ","2","FOREL-ULE SCALE VI","2","","","11%-20%","2","Cirrus","2","Smooth-wavelets ","2","","","0.3- 1.5 ","2","SE ","2"
"정선해양관측","105-03","1968-04-24 15:25:00","129.1717","37.5533","0","0","","1018","2","12","2","쾌청(운량:0-2)","2","Very Low","2","NW ","2","FOREL-ULE SCALE III","2","","","","","","","Calm-ripples ","2","NW ","2","","","",""
"정선해양관측","105-03","1968-06-14 23:00:00","129.1717","37.5533","0","0","","1004","2","16.5","2","개임(운량:3-7)","2","Low","2","S  ","2","","","","","41%-50%","2","Altostratus","2","Slight ","2","S  ","2","5.5- 7.9 ","2","S  ","2"
"정선해양관측","105-03","1968-08-07 10:20:00","129.1717","37.5533","0","0","","1003.2","2","26.2","2","개임(운량:3-7)","2","Very Low","2","SE ","2","FOREL-ULE SCALE VI","2","25.6","2","31%-40%","2","Cumulus","2","Calm-ripples ","2","SE ","2","1.6- 3.3 ","2","SE ","2"
"정선해양관측","105-03","1968-10-23 14:45:00","129.1717","37.5533","0","0","","1012","2","17.3","2","개임(운량:3-7)","2","Very Low","2","E  ","2","FOREL-ULE SCALE III","2","","","51%-60%","2","Cumulonimbus","2","Smooth-wavelets ","2","E  ","2","3.4- 5.4 ","2","E  ","2"
"정선해양관측","105-03","1968-12-08 15:30:00","129.1717","37.5533","0","0","","1019","2","11.8","2","비","2","Low","2","NE ","2","FOREL-ULE SCALE IV","2","","","91%-100%","2","Nimbostratus","2","Slight ","2","NE ","2","1.6- 3.3 ","2","NE ","2"
"정선해양관측","105-04","1968-03-06 10:55:00","129.2583","37.5533","0","0","","1021","2","8","2","쾌청(운량:0-2)","2","Very Low","2","N  ","2","FOREL-ULE SCALE V","2","","","1%-10%","2","Cirrus","2","Smooth-wavelets ","2","N  ","2","0.3- 1.5 ","2","SE ","2"
"정선해양관측","105-04","1968-04-24 14:25:00","129.2583","37.5533","0","0","","1018","2","12","2","쾌청(운량:0-2)","2","","","","","FOREL-ULE SCALE III","2","","","","","","","","","","","0 - 0.2 ","2","SW ","2"
"정선해양관측","105-04","1968-06-14 22:00:00","129.2583","37.5533","0","0","","1002","2","17","2","개임(운량:3-7)","2","Low","2","S  ","2","","","","","41%-50%","2","Altostratus","2","Slight ","2","S  ","2","3.4- 5.4 ","2","S  ","2"
"정선해양관측","105-04","1968-08-07 08:35:00","129.2583","37.5533","0","0","","1004.3","2","25.8","2","개임(운량:3-7)","2","Low","2","SE ","2","FOREL-ULE SCALE V","2","25.3","2","51%-60%","2","Cumulus","2","Calm-ripples ","2","SE ","2","1.6- 3.3 ","2","S  ","2"
"정선해양관측","105-04","1968-10-23 13:40:00","129.2583","37.5533","0","0","","1016","2","18","2","쾌청(운량:0-2)","2","Low","2","E  ","2","FOREL-ULE SCALE III","2","","","11%-20%","2","Altocumulus","2","Slight ","2","E  ","2","0 - 0.2 ","2","E  ","2"
"정선해양관측","105-04","1968-12-08 14:40:00","129.2583","37.5533","0","0","","1010","2","12.4","2","흐림(운량:8-10)","2","Low","2","NE ","2","FOREL-ULE SCALE III","2","","","91%-100%","2","Nimbostratus","2","Slight ","2","NE ","2","1.6- 3.3 ","2","NE ","2"
"정선해양관측","105-05","1968-03-06 12:30:00","129.3767","37.5533","0","0","","1020","2","4.2","2","쾌청(운량:0-2)","2","Very Low","2","NW ","2","FOREL-ULE SCALE IV","2","","","1%-10%","2","Cirrus","2","Smooth-wavelets ","2","NW ","2","1.6- 3.3 ","2","S  ","2"
"정선해양관측","105-05","1968-04-23 13:00:00","129.3767","37.5533","0","0","","1018","2","12.5","2","흐림(운량:8-10)","2","Very Low","2","NW ","2","FOREL-ULE SCALE III","2","","","11%-20%","2","Stratus","2","Calm-ripples ","2","NW ","2","1.6- 3.3 ","2","NW ","2"
"정선해양관측","105-05","1968-04-24 13:00:00","129.3767","37.5533","0","0","","1018","2","12.5","2","흐림(운량:8-10)","2","Very Low","2","NW ","2","FOREL-ULE SCALE III","2","","","11%-20%","2","Stratus","2","Calm-ripples ","2","NW ","2","1.6- 3.3 ","2","NW ","2"
"정선해양관측","105-05","1968-06-14 20:15:00","129.3767","37.5533","0","0","","1002","2","17.6","2","개임(운량:3-7)","2","Low","2","S  ","2","","","","","41%-50%","2","Altostratus","2","Moderate ","2","S  ","2","3.4- 5.4 ","2","S  ","2"
"정선해양관측","105-05","1968-08-07 07:05:00","129.3767","37.5533","0","0","","1005","2","25.6","2","쾌청(운량:0-2)","2","Very Low","2","S  ","2","FOREL-ULE SCALE IV","2","25.1","2","1%-10%","2","Cirrus","2","Calm-ripples ","2","S  ","2","1.6- 3.3 ","2","S  ","2"
"정선해양관측","105-05","1968-10-23 12:05:00","129.3767","37.5533","0","0","","1016","2","19.3","2","개임(운량:3-7)","2","Low","2","E  ","2","FOREL-ULE SCALE III","2","","","31%-40%","2","Stratocumulus","2","Slight ","2","E  ","2","0.3- 1.5 ","2","E  ","2"
"정선해양관측","105-05","1968-12-08 13:15:00","129.3767","37.5533","0","0","","1020","2","12.5","2","흐림(운량:8-10)","2","Low","2","NE ","2","FOREL-ULE SCALE III","2","","","91%-100%","2","Nimbostratus","2","Slight ","2","NE ","2","3.4- 5.4 ","2","NE ","2"
"정선해양관측","105-06","1968-04-23 11:00:00","129.6883","37.5533","0","0","","1018","2","14","2","흐림(운량:8-10)","2","Very Low","2","NW ","2","FOREL-ULE SCALE III","2","","","61%-70%","2","Stratus","2","Calm-ripples ","2","NW ","2","1.6- 3.3 ","2","NW ","2"
"정선해양관측","105-06","1968-04-24 11:00:00","129.6883","37.5533","0","0","","1018","2","14","2","흐림(운량:8-10)","2","Very Low","2","NW ","2","FOREL-ULE SCALE III","2","","","61%-70%","2","Stratus","2","Calm-ripples ","2","NW ","2","1.6- 3.3 ","2","NW ","2"
"정선해양관측","105-06","1968-06-14 17:50:00","129.6883","37.5533","0","0","","1003","2","17.4","2","흐림(운량:8-10)","2","Low","2","S  ","2","FOREL-ULE SCALE III","2","","","91%-100%","2","Altostratus","2","Slight ","2","S  ","2","3.4- 5.4 ","2","S  ","2"
"정선해양관측","105-06","1968-10-23 10:05:00","129.6883","37.5533","0","0","","1016","2","19.9","2","개임(운량:3-7)","2","Low","2","E  ","2","FOREL-ULE SCALE III","2","","","31%-40%","2","Stratocumulus","2","Slight ","2","E  ","2","3.4- 5.4 ","2","E  ","2"
"정선해양관측","105-06","1968-12-08 00:35:00","129.6883","37.5533","0","0","","1021","2","12.3","2","흐림(운량:8-10)","2","Low","2","E  ","2","FOREL-ULE SCALE III","2","","","91%-100%","2","Altostratus","2","Slight ","2","E  ","2","1.6- 3.3 ","2","E  ","2"
"정선해양관측","105-06","1968-12-08 10:35:00","129.6883","37.5533","0","0","","1021","2","12.3","2","흐림(운량:8-10)","2","Low","2","E  ","2","FOREL-ULE SCALE III","2","","","91%-100%","2","Altostratus","2","Slight ","2","E  ","2","1.6- 3.3 ","2","E  ","2"
"정선해양관측","105-07","1968-03-06 16:15:00","130","37.5533","0","0","","1019","2","8.8","2","쾌청(운량:0-2)","2","Low","2","N  ","2","FOREL-ULE SCALE IV","2","","","1%-10%","2","Cirrus","2","Calm-ripples ","2","N  ","2","0.3- 1.5 ","2","S  ","2"
"정선해양관측","105-07","1968-04-24 08:55:00","130","37.5533","0","0","","1018","2","12","2","흐림(운량:8-10)","2","Very Low","2","NW ","2","FOREL-ULE SCALE III","2","","","71%-80%","2","Stratus","2","Calm-ripples ","2","NW ","2","1.6- 3.3 ","2","NW ","2"
"정선해양관측","105-07","1968-06-14 15:10:00","130","37.5533","0","0","","1004","2","18.5","2","흐림(운량:8-10)","2","Low","2","S  ","2","FOREL-ULE SCALE II","2","","","71%-80%","2","Altostratus","2","Slight ","2","S  ","2","8.0-10.7 ","2","S  ","2"
"정선해양관측","105-07","1968-08-07 02:10:00","130","37.5533","0","0","","1005","2","24.6","2","흐림(운량:8-10)","2","Very Low","2","N  ","2","","","24.4","2","71%-80%","2","Altocumulus","2","Calm-ripples ","2","N  ","2","1.6- 3.3 ","2","N  ","2"
"정선해양관측","105-07","1968-10-23 08:00:00","130","37.5533","0","0","","1017","2","17.5","2","쾌청(운량:0-2)","2","Low","2","SW ","2","FOREL-ULE SCALE III","2","","","11%-20%","2","Stratocumulus","2","Slight ","2","SW ","2","3.4- 5.4 ","2","SW ","2"
"정선해양관측","105-07","1968-12-08 08:07:00","130","37.5533","0","0","","1020","2","11.6","2","흐림(운량:8-10)","2","Low","2","E  ","2","FOREL-ULE SCALE III","2","","","91%-100%","2","Altostratus","2","Slight ","2","E  ","2","1.6- 3.3 ","2","E  ","2"
"정선해양관측","105-08","1968-04-24 06:50:00","130.3117","37.5533","0","0","","1017","2","11.1","2","흐림(운량:8-10)","2","Very Low","2","NW ","2","FOREL-ULE SCALE III","2","","","71%-80%","2","Stratus","2","Calm-ripples ","2","NW ","2","0 - 0.2 ","2","NW ","2"
"정선해양관측","105-08","1968-06-14 13:00:00","130.3117","37.5533","0","0","","1004","2","18.5","2","흐림(운량:8-10)","2","Low","2","S  ","2","FOREL-ULE SCALE III","2","","","81%-90%","2","Altostratus","2","Slight ","2","S  ","2","8.0-10.7 ","2","S  ","2"
"정선해양관측","105-08","1968-10-23 06:45:00","130.3117","37.5533","0","0","","1017","2","17.2","2","개임(운량:3-7)","2","Low","2","SE ","2","","","","","21%-30%","2","Altostratus","2","Slight ","2","SE ","2","3.4- 5.4 ","2","SE ","2"
"정선해양관측","105-08","1968-12-08 06:05:00","130.3117","37.5533","0","0","","1016.4","2","11.7","2","흐림(운량:8-10)","2","Low","2","E  ","2","","","","","71%-80%","2","Altostratus","2","Smooth-wavelets ","2","E  ","2","1.6- 3.3 ","2","E  ","2"
"정선해양관측","105-09","1968-03-06 21:15:00","130.625","37.5533","0","0","","1018","2","6.8","2","쾌청(운량:0-2)","2","Low","2","N  ","2","","","","","","","","","Calm-ripples ","2","N  ","2","1.6- 3.3 ","2","S  ","2"
"정선해양관측","105-09","1968-04-24 04:40:00","130.625","37.5533","0","0","","1017","2","10","2","흐림(운량:8-10)","2","Very Low","2","NW ","2","","","","","71%-80%","2","Stratus","2","Calm-ripples ","2","NW ","2","0 - 0.2 ","2","NW ","2"
"정선해양관측","105-09","1968-06-14 10:50:00","130.625","37.5533","0","0","","1004","2","18.4","2","개임(운량:3-7)","2","Low","2","E  ","2","FOREL-ULE SCALE III","2","","","61%-70%","2","Altostratus","2","Slight ","2","E  ","2","5.5- 7.9 ","2","E  ","2"
"정선해양관측","105-09","1968-08-06 20:55:00","130.625","37.5533","0","0","","1007","2","24.2","2","개임(운량:3-7)","2","Very Low","2","SE ","2","","","24","2","51%-60%","2","Cirrus","2","Calm-ripples ","2","SE ","2","1.6- 3.3 ","2","S  ","2"
"정선해양관측","105-09","1968-10-23 03:20:00","130.625","37.5533","0","0","","1017.5","2","16.5","2","쾌청(운량:0-2)","2","Very Low","2","E  ","2","","","","","11%-20%","2","Cumulus","2","Calm-ripples ","2","E  ","2","1.6- 3.3 ","2","E  ","2"
"정선해양관측","105-09","1968-12-08 04:05:00","130.625","37.5533","0","0","","1016","2","12.3","2","개임(운량:3-7)","2","Very Low","2","NE ","2","","","","","51%-60%","2","Altostratus","2","Calm-ripples ","2","NE ","2","0.3- 1.5 ","2","NE ","2"
"정선해양관측","105-10","1968-04-24 02:40:00","130.9317","37.5533","0","0","","1017","2","10","2","흐림(운량:8-10)","2","Very Low","2","NW ","2","","","","","71%-80%","2","Stratus","2","Calm-ripples ","2","NW ","2","0 - 0.2 ","2","NW ","2"
"정선해양관측","105-10","1968-06-14 08:40:00","130.9317","37.5533","0","0","","1005","2","18.5","2","흐림(운량:8-10)","2","Low","2","E  ","2","FOREL-ULE SCALE III","2","","","71%-80%","2","Altostratus","2","Smooth-wavelets ","2","E  ","2","1.6- 3.3 ","2","E  ","2"
"정선해양관측","105-10","1968-10-23 01:00:00","130.9317","37.5533","0","0","","1018","2","16.5","2","쾌청(운량:0-2)","2","Low","2","E  ","2","","","","","11%-20%","2","Cumulus","2","Calm-ripples ","2","E  ","2","1.6- 3.3 ","2","E  ","2"
"정선해양관측","105-10","1968-12-08 02:05:00","130.9317","37.5533","0","0","","1016.7","2","12.8","2","개임(운량:3-7)","2","Very Low","2","NE ","2","","","","","31%-40%","2","Altostratus","2","Calm-ripples ","2","NE ","2","0 - 0.2 ","2","NE ","2"
"정선해양관측","105-11","1968-03-07 01:20:00","131.2433","37.5533","0","0","","1016","2","7.6","2","쾌청(운량:0-2)","2","Low","2","N  ","2","","","","","","","","","Smooth-wavelets ","2","N  ","2","0.3- 1.5 ","2","S  ","2"
"정선해양관측","105-11","1968-04-24 01:00:00","131.2433","37.5533","0","0","","1017","2","11","2","개임(운량:3-7)","2","Very Low","2","NW ","2","","","","","71%-80%","2","Stratus","2","Calm-ripples ","2","NW ","2","0 - 0.2 ","2","NW ","2"
"정선해양관측","105-11","1968-06-14 06:25:00","131.2433","37.5533","0","0","","1004.2","2","17.6","2","개임(운량:3-7)","2","Very Low","2","E  ","2","","","","","31%-40%","2","Cirrostratus","2","Calm-ripples ","2","E  ","2","0.3- 1.5 ","2","E  ","2"
"정선해양관측","105-11","1968-08-06 10:00:00","131.2433","37.5533","0","0","","1009","2","24.6","2","개임(운량:3-7)","2","Very Low","2","S  ","2","FOREL-ULE SCALE IV","2","24.2","2","51%-60%","2","Cirrus","2","Calm-ripples ","2","S  ","2","0.3- 1.5 ","2","S  ","2"
"정선해양관측","105-11","1968-10-22 23:10:00","131.2433","37.5533","0","0","","1018","2","16.1","2","쾌청(운량:0-2)","2","Low","2","E  ","2","","","","","1%-10%","2","Cumulus","2","Smooth-wavelets ","2","E  ","2","1.6- 3.3 ","2","E  ","2"
"정선해양관측","105-11","1968-12-08 00:55:00","131.2433","37.5533","0","0","","1016","2","11.7","2","쾌청(운량:0-2)","2","Very Low","2","NE ","2","","","","","1%-10%","2","Cirrus","2","Calm-ripples ","2","NE ","2","0 - 0.2 ","2","NE ","2"
"정선해양관측","105-12","1968-06-14 04:15:00","131.5633","37.5533","0","0","","1003.4","2","17.7","2","개임(운량:3-7)","2","Very Low","2","E  ","2","","","","","31%-40%","2","Cirrostratus","2","Calm-ripples ","2","E  ","2","1.6- 3.3 ","2","E  ","2"
"정선해양관측","105-13","1968-03-07 06:00:00","131.87","37.5533","0","0","","1014","2","7.5","2","개임(운량:3-7)","2","Low","2","SW ","2","","","","","21%-30%","2","Altostratus","2","Smooth-wavelets ","2","SW ","2","1.6- 3.3 ","2","S  ","2"
"정선해양관측","105-13","1968-06-14 02:05:00","131.87","37.5533","0","0","","1003.3","2","18","2","개임(운량:3-7)","2","Very Low","2","E  ","2","","","","","31%-40%","2","Cirrostratus","2","Calm-ripples ","2","E  ","2","0.3- 1.5 ","2","E  ","2"
"정선해양관측","105-13","1968-08-06 05:40:00","131.87","37.5533","0","0","","1009","2","24.6","2","흐림(운량:8-10)","2","Very Low","2","N  ","2","","","24.1","2","81%-90%","2","Altostratus","2","Smooth-wavelets ","2","N  ","2","3.4- 5.4 ","2","N  ","2"
"정선해양관측","106-02","1968-03-08 09:25:00","128.875","37.895","0","0","","1015.5","2","1.3","2","비","2","Very Low","2","S  ","2","","","","","","","","","Smooth-wavelets ","2","S  ","2","0.3- 1.5 ","2","N  ","2"
"정선해양관측","106-02","1968-04-26 11:50:00","128.875","37.895","0","0","","1012","2","10.5","2","쾌청(운량:0-2)","2","Very Low","2","SE ","2","FOREL-ULE SCALE III","2","","","11%-20%","2","Altostratus","2","Calm-ripples ","2","SE ","2","0 - 0.2 ","2","SE ","2"
"정선해양관측","106-02","1968-06-21 05:25:00","128.875","37.895","0","0","","1007","2","13.5","2","쾌청(운량:0-2)","2","Low","2","NW ","2","","","","","11%-20%","2","Altocumulus","2","Smooth-wavelets ","2","NW ","2","3.4- 5.4 ","2","NW ","2"
"정선해양관측","106-02","1968-07-03 06:35:00","128.875","37.895","0","0","","1004","2","","","흐림(운량:8-10)","2","Very Low","2","","","","","","","91%-100%","2","Cirrus","2","Calm-glassy ","2","NW ","2","0 - 0.2 ","2","NW ","2"
"정선해양관측","106-02","1968-08-04 20:00:00","128.875","37.895","0","0","","1010","2","23.3","2","쾌청(운량:0-2)","2","Very Low","2","SE ","2","","","23.2","2","1%-10%","2","Stratus","2","Calm-ripples ","2","SE ","2","3.4- 5.4 ","2","SE ","2"
"정선해양관측","106-02","1968-10-30 07:15:00","128.875","37.895","0","0","","1018","2","9.7","2","쾌청(운량:0-2)","2","Low","2","SW ","2","FOREL-ULE SCALE II","2","","","","","","","Calm-ripples ","2","SW ","2","0 - 0.2 ","2","SW ","2"
"정선해양관측","106-02","1968-12-10 08:50:00","128.875","37.895","0","0","","1011.5","2","13.5","2","개임(운량:3-7)","2","No Swell","2","SW ","2","FOREL-ULE SCALE IV","2","","","61%-70%","2","Altostratus","2","Calm-ripples ","2","","","0.3- 1.5 ","2","SW ","2"
"정선해양관측","106-02","1968-12-10 09:50:00","128.875","37.895","0","0","","1011.5","2","13.5","2","개임(운량:3-7)","2","No Swell","2","SW ","2","FOREL-ULE SCALE IV","2","","","61%-70%","2","Altostratus","2","Calm-ripples ","2","","","0.3- 1.5 ","2","SW ","2"
"정선해양관측","106-03","1968-03-08 05:10:00","128.9533","37.895","0","0","","1011.1","2","3.8","2","개임(운량:3-7)","2","Very Low","2","S  ","2","","","","","","","","","Smooth-wavelets ","2","S  ","2","0.3- 1.5 ","2","NW ","2"
"정선해양관측","106-03","1968-04-26 10:55:00","128.9533","37.895","0","0","","1012","2","10.3","2","쾌청(운량:0-2)","2","Very Low","2","SE ","2","FOREL-ULE SCALE III","2","","","11%-20%","2","Altostratus","2","Calm-ripples ","2","SE ","2","0 - 0.2 ","2","SE ","2"
"정선해양관측","106-03","1968-06-21 06:35:00","128.9533","37.895","0","0","","1007.5","2","16.7","2","쾌청(운량:0-2)","2","Low","2","NW ","2","FOREL-ULE SCALE III","2","","","1%-10%","2","Altocumulus","2","Calm-ripples ","2","NW ","2","1.6- 3.3 ","2","NW ","2"
"정선해양관측","106-03","1968-07-03 07:30:00","128.9533","37.895","0","0","","1004","2","","","흐림(운량:8-10)","2","No Swell","2","","","FOREL-ULE SCALE II","2","","","91%-100%","2","Cirrus","2","Calm-glassy ","2","","","0 - 0.2 ","2","NW ","2"
"정선해양관측","106-03","1968-08-04 21:05:00","128.9533","37.895","0","0","","1010","2","23.6","2","쾌청(운량:0-2)","2","Very Low","2","S  ","2","","","22.8","2","1%-10%","2","Cumulus","2","Calm-ripples ","2","S  ","2","0.3- 1.5 ","2","SE ","2"
"정선해양관측","106-03","1968-10-30 08:10:00","128.9533","37.895","0","0","","1018","2","9.8","2","쾌청(운량:0-2)","2","Low","2","SW ","2","FOREL-ULE SCALE III","2","","","","","","","Smooth-wavelets ","2","SW ","2","0 - 0.2 ","2","SW ","2"
"정선해양관측","106-03","1968-12-10 10:00:00","128.9533","37.895","0","0","","1011.5","2","13.7","2","개임(운량:3-7)","2","Very Low","2","SW ","2","FOREL-ULE SCALE III","2","","","41%-50%","2","Stratocumulus","2","Calm-ripples ","2","SW ","2","0.3- 1.5 ","2","SW ","2"
"정선해양관측","106-04","1968-03-08 03:55:00","129.0633","37.895","0","0","","1011","2","5.3","2","흐림(운량:8-10)","2","Low","2","S  ","2","","","","","91%-100%","2","Nimbostratus","2","Calm-ripples ","2","S  ","2","0.3- 1.5 ","2","NW ","2"
"정선해양관측","106-04","1968-04-26 09:55:00","129.0633","37.895","0","0","","1012","2","10","2","개임(운량:3-7)","2","Very Low","2","SE ","2","FOREL-ULE SCALE III","2","","","21%-30%","2","Altostratus","2","Calm-ripples ","2","SE ","2","0 - 0.2 ","2","SE ","2"
"정선해양관측","106-04","1968-06-21 07:45:00","129.0633","37.895","0","0","","1007.4","2","17","2","쾌청(운량:0-2)","2","Low","2","NW ","2","FOREL-ULE SCALE III","2","","","1%-10%","2","Altocumulus","2","Calm-ripples ","2","NW ","2","0.3- 1.5 ","2","NW ","2"
"정선해양관측","106-04","1968-07-03 08:45:00","129.0633","37.895","0","0","","1004","2","","","흐림(운량:8-10)","2","No Swell","2","","","FOREL-ULE SCALE II","2","","","91%-100%","2","Cirrus","2","Calm-glassy ","2","","","0 - 0.2 ","2","NW ","2"
"정선해양관측","106-04","1968-08-04 22:45:00","129.0633","37.895","0","0","","1012.8","2","23.2","2","쾌청(운량:0-2)","2","Very Low","2","SW ","2","","","22.2","2","","","","","Calm-ripples ","2","SW ","2","3.4- 5.4 ","2","SW ","2"
"정선해양관측","106-04","1968-10-30 09:10:00","129.0633","37.895","0","0","","1018","2","14.5","2","쾌청(운량:0-2)","2","Low","2","SW ","2","FOREL-ULE SCALE III","2","","","","","","","Slight ","2","SW ","2","0 - 0.2 ","2","SW ","2"
"정선해양관측","106-04","1968-12-10 11:00:00","129.0633","37.895","0","0","","1011.4","2","13.4","2","개임(운량:3-7)","2","Very Low","2","SW ","2","FOREL-ULE SCALE III","2","","","51%-60%","2","Stratocumulus","2","Calm-ripples ","2","SW ","2","0.3- 1.5 ","2","SW ","2"
"정선해양관측","106-05","1968-03-08 01:25:00","129.3683","37.895","0","0","","1011","2","3.9","2","흐림(운량:8-10)","2","Low","2","S  ","2","","","","","91%-100%","2","Nimbostratus","2","Calm-ripples ","2","S  ","2","0.3- 1.5 ","2","N  ","2"
"정선해양관측","106-05","1968-04-26 07:55:00","129.3683","37.895","0","0","","1012","2","10.2","2","개임(운량:3-7)","2","Very Low","2","SE ","2","FOREL-ULE SCALE III","2","","","61%-70%","2","Altostratus","2","Calm-ripples ","2","SE ","2","0 - 0.2 ","2","SE ","2"
"정선해양관측","106-05","1968-06-21 09:45:00","129.3683","37.895","0","0","","1007.4","2","17.2","2","쾌청(운량:0-2)","2","Low","2","SW ","2","FOREL-ULE SCALE III","2","","","1%-10%","2","Altocumulus","2","Calm-ripples ","2","SW ","2","0.3- 1.5 ","2","SW ","2"
"정선해양관측","106-05","1968-07-03 10:15:00","129.3683","37.895","0","0","","1004","2","","","흐림(운량:8-10)","2","No Swell","2","","","FOREL-ULE SCALE III","2","","","91%-100%","2","Cirrus","2","Calm-glassy ","2","","","0 - 0.2 ","2","NW ","2"
"정선해양관측","106-05","1968-08-05 03:00:00","129.3683","37.895","0","0","","1012","2","22.8","2","쾌청(운량:0-2)","2","Very Low","2","NE ","2","","","21.8","2","","","","","Smooth-wavelets ","2","NE ","2","1.6- 3.3 ","2","NE ","2"
"정선해양관측","106-05","1968-10-30 10:05:00","129.3683","37.895","0","0","","1018","2","14.7","2","쾌청(운량:0-2)","2","Very Low","2","","","FOREL-ULE SCALE III","2","","","","","","","","","SW ","2","","","S  ","2"
"정선해양관측","106-05","1968-12-10 13:10:00","129.3683","37.895","0","0","","1011.4","2","14.8","2","개임(운량:3-7)","2","Very Low","2","SW ","2","FOREL-ULE SCALE III","2","","","61%-70%","2","Stratocumulus","2","Calm-ripples ","2","SW ","2","0.3- 1.5 ","2","SW ","2"
"정선해양관측","106-06","1968-04-26 05:00:00","129.6883","37.895","0","0","","","","9.8","2","개임(운량:3-7)","2","Very Low","2","SE ","2","","","","","61%-70%","2","Altostratus","2","Calm-ripples ","2","SE ","2","0 - 0.2 ","2","SE ","2"
"정선해양관측","106-06","1968-06-21 12:00:00","129.6883","37.895","0","0","","1007.4","2","17.5","2","쾌청(운량:0-2)","2","Low","2","SW ","2","FOREL-ULE SCALE III","2","","","1%-10%","2","Altocumulus","2","Calm-ripples ","2","SW ","2","0.3- 1.5 ","2","SW ","2"
"정선해양관측","106-06","1968-07-03 12:10:00","129.6883","37.895","0","0","","1007","2","","","개임(운량:3-7)","2","No Swell","2","","","FOREL-ULE SCALE III","2","","","61%-70%","2","Cirrus","2","Calm-glassy ","2","","","0 - 0.2 ","2","NW ","2"
"정선해양관측","106-06","1968-10-30 13:20:00","129.6883","37.895","0","0","","1018","2","16.2","2","쾌청(운량:0-2)","2","Very Low","2","","","FOREL-ULE SCALE III","2","","","","","","","","","S  ","2","0 - 0.2 ","2","S  ","2"
"정선해양관측","106-06","1968-12-10 15:35:00","129.6883","37.895","0","0","","1010","2","15.3","2","흐림(운량:8-10)","2","Very Low","2","SE ","2","FOREL-ULE SCALE III","2","","","","","Stratocumulus","2","Calm-ripples ","2","SE ","2","0.3- 1.5 ","2","SE ","2"
"정선해양관측","106-07","1968-03-07 20:45:00","130","37.895","0","0","","1010","2","4.9","2","흐림(운량:8-10)","2","Low","2","S  ","2","","","","","91%-100%","2","Nimbostratus","2","Smooth-wavelets ","2","S  ","2","0.3- 1.5 ","2","NE ","2"
"정선해양관측","106-07","1968-04-26 04:00:00","130","37.895","0","0","","1012","2","10","2","흐림(운량:8-10)","2","Very Low","2","SE ","2","","","","","71%-80%","2","Altostratus","2","Calm-ripples ","2","SE ","2","1.6- 3.3 ","2","SE ","2"
"정선해양관측","106-07","1968-06-21 14:00:00","130","37.895","0","0","","1007.5","2","17.8","2","쾌청(운량:0-2)","2","Low","2","SW ","2","FOREL-ULE SCALE III","2","","","1%-10%","2","Altocumulus","2","Calm-ripples ","2","SW ","2","0.3- 1.5 ","2","SW ","2"
"정선해양관측","106-07","1968-07-03 14:10:00","130","37.895","0","0","","1007","2","","","개임(운량:3-7)","2","No Swell","2","","","FOREL-ULE SCALE III","2","","","61%-70%","2","Cirrus","2","Calm-glassy ","2","","","0 - 0.2 ","2","NW ","2"
"정선해양관측","106-07","1968-08-05 06:50:00","130","37.895","0","0","","1012","2","24.8","2","개임(운량:3-7)","2","Very Low","2","N  ","2","FOREL-ULE SCALE IV","2","22.4","2","31%-40%","2","Stratocumulus","2","Smooth-wavelets ","2","N  ","2","1.6- 3.3 ","2","NE ","2"
"정선해양관측","106-07","1968-10-30 15:30:00","130","37.895","0","0","","1017","2","18.6","2","쾌청(운량:0-2)","2","Very Low","2","","","FOREL-ULE SCALE III","2","","","","","","","","","S  ","2","0 - 0.2 ","2","S  ","2"
"정선해양관측","106-07","1968-12-10 17:40:00","130","37.895","0","0","","1010","2","13.5","2","흐림(운량:8-10)","2","Very Low","2","SE ","2","","","","","81%-90%","2","Stratocumulus","2","Calm-ripples ","2","SE ","2","0.3- 1.5 ","2","SE ","2"
"정선해양관측","106-08","1968-04-26 02:00:00","130.315","37.895","0","0","","1012","2","10","2","흐림(운량:8-10)","2","Very Low","2","SE ","2","","","","","71%-80%","2","Altostratus","2","Calm-ripples ","2","SE ","2","0.3- 1.5 ","2","SE ","2"
"정선해양관측","106-08","1968-06-21 16:06:00","130.315","37.895","0","0","","1007.5","2","17.5","2","쾌청(운량:0-2)","2","Low","2","SW ","2","FOREL-ULE SCALE III","2","","","1%-10%","2","Altocumulus","2","Calm-ripples ","2","SW ","2","1.6- 3.3 ","2","SW ","2"
"정선해양관측","106-08","1968-10-30 17:50:00","130.315","37.895","0","0","","1017","2","18.5","2","쾌청(운량:0-2)","2","Very Low","2","S  ","2","","","","","","","","","Calm-ripples ","2","S  ","2","0 - 0.2 ","2","S  ","2"
"정선해양관측","106-08","1968-12-10 19:00:00","130.315","37.895","0","0","","1014","2","13.6","2","흐림(운량:8-10)","2","Low","2","SW ","2","","","","","71%-80%","2","Altostratus","2","Calm-ripples ","2","SW ","2","0.3- 1.5 ","2","SW ","2"
"정선해양관측","106-09","1968-03-07 16:40:00","130.6283","37.895","0","0","","1009","2","7","2","흐림(운량:8-10)","2","Low","2","S  ","2","","","","","91%-100%","2","Nimbostratus","2","Smooth-wavelets ","2","S  ","2","0.3- 1.5 ","2","N  ","2"
"정선해양관측","106-09","1968-04-25 23:50:00","130.6283","37.895","0","0","","","","11.5","2","흐림(운량:8-10)","2","Very Low","2","NE ","2","","","","","71%-80%","2","Altostratus","2","Calm-ripples ","2","NE ","2","0.3- 1.5 ","2","SE ","2"
"정선해양관측","106-09","1968-06-21 18:10:00","130.6283","37.895","0","0","","1005","2","17.4","2","쾌청(운량:0-2)","2","Low","2","SW ","2","FOREL-ULE SCALE III","2","","","1%-10%","2","Altocumulus","2","Calm-ripples ","2","SW ","2","1.6- 3.3 ","2","SW ","2"
"정선해양관측","106-09","1968-08-05 12:20:00","130.6283","37.895","0","0","","1012","2","23.8","2","쾌청(운량:0-2)","2","Very Low","2","N  ","2","FOREL-ULE SCALE IV","2","23.2","2","11%-20%","2","Cirrus","2","Smooth-wavelets ","2","N  ","2","1.6- 3.3 ","2","N  ","2"
"정선해양관측","106-09","1968-10-30 20:10:00","130.6283","37.895","0","0","","1017.5","2","15.3","2","쾌청(운량:0-2)","2","Very Low","2","S  ","2","","","","","","","","","Calm-ripples ","2","S  ","2","0 - 0.2 ","2","S  ","2"
"정선해양관측","106-09","1968-12-10 21:10:00","130.6283","37.895","0","0","","1014.5","2","13.1","2","흐림(운량:8-10)","2","Low","2","SW ","2","","","","","71%-80%","2","Altostratus","2","Calm-ripples ","2","SW ","2","1.6- 3.3 ","2","SW ","2"
"정선해양관측","106-10","1968-04-25 21:50:00","130.9417","37.895","0","0","","1012","2","12.1","2","흐림(운량:8-10)","2","Very Low","2","SE ","2","","","","","71%-80%","2","Altostratus","2","Calm-ripples ","2","SE ","2","0 - 0.2 ","2","SE ","2"
"정선해양관측","106-10","1968-06-21 20:20:00","130.9417","37.895","0","0","","1005","2","16.8","2","쾌청(운량:0-2)","2","Low","2","SW ","2","","","","","1%-10%","2","Altocumulus","2","Calm-ripples ","2","SW ","2","1.6- 3.3 ","2","SW ","2"
"정선해양관측","106-10","1968-10-30 22:25:00","130.9417","37.895","0","0","","1018","2","14.7","2","쾌청(운량:0-2)","2","Very Low","2","SE ","2","","","","","","","","","Calm-ripples ","2","SE ","2","0.3- 1.5 ","2","SE ","2"
"정선해양관측","106-10","1968-12-10 23:53:00","130.9417","37.895","0","0","","1014.5","2","11.8","2","개임(운량:3-7)","2","Low","2","E  ","2","","","","","61%-70%","2","Altostratus","2","Calm-ripples ","2","E  ","2","1.6- 3.3 ","2","E  ","2"
"정선해양관측","106-11","1968-03-07 13:05:00","131.2517","37.895","0","0","","1010","2","6.4","2","비","2","Very Low","2","","","","","","","","","","","","","E  ","2","0.3- 1.5 ","2","NW ","2"
"정선해양관측","106-11","1968-04-25 19:40:00","131.2517","37.895","0","0","","1017","2","12.2","2","개임(운량:3-7)","2","Very Low","2","NW ","2","","","","","21%-30%","2","Stratus","2","Calm-ripples ","2","NW ","2","0 - 0.2 ","2","NW ","2"
"정선해양관측","106-11","1968-06-21 22:40:00","131.2517","37.895","0","0","","1005.2","2","16.8","2","쾌청(운량:0-2)","2","Low","2","SW ","2","","","","","1%-10%","2","Altocumulus","2","Calm-ripples ","2","SW ","2","1.6- 3.3 ","2","SW ","2"
"정선해양관측","106-11","1968-08-05 21:30:00","131.2517","37.895","0","0","","1012","2","24","2","개임(운량:3-7)","2","Very Low","2","S  ","2","","","23.6","2","31%-40%","2","Cirrostratus","2","Smooth-wavelets ","2","S  ","2","3.4- 5.4 ","2","SE ","2"
"정선해양관측","106-11","1968-10-31 00:25:00","131.2517","37.895","0","0","","1018","2","15.2","2","쾌청(운량:0-2)","2","Very Low","2","SE ","2","","","","","","","","","Calm-ripples ","2","SE ","2","0.3- 1.5 ","2","SE ","2"
"정선해양관측","106-11","1968-12-11 02:20:00","131.2517","37.895","0","0","","1014.5","2","11.7","2","흐림(운량:8-10)","2","Low","2","E  ","2","","","","","71%-80%","2","Altostratus","2","Smooth-wavelets ","2","E  ","2","1.6- 3.3 ","2","E  ","2"
"정선해양관측","106-13","1968-03-07 09:05:00","131.8833","37.895","0","0","","1013","2","7.5","2","흐림(운량:8-10)","2","Low","2","NE ","2","FOREL-ULE SCALE IV","2","","","91%-100%","2","Nimbostratus","2","Calm-ripples ","2","NE ","2","0.3- 1.5 ","2","SW ","2"
"정선해양관측","106-13","1968-08-06 02:10:00","131.8833","37.895","0","0","","1009","2","24.2","2","흐림(운량:8-10)","2","Low","2","SW ","2","","","23.8","2","91%-100%","2","Stratus","2","Slight ","2","SW ","2","1.6- 3.3 ","2","SW ","2"
"정선해양관측","203-01","1968-02-23 08:30:00","126.5233","33.9433","0","0","","1028.3","2","5","2","흐림(운량:8-10)","2","Low","2","NW ","2","FOREL-ULE SCALE V","2","4.6","2","81%-90%","2","Cumulus","2","Moderate ","2","NW ","2","5.5- 7.9 ","2","NW ","2"
"정선해양관측","203-01","1968-04-25 07:00:00","126.5233","33.9433","0","0","","1013.2","2","14.8","2","쾌청(운량:0-2)","2","Very Low","2","S  ","2","FOREL-ULE SCALE V","2","","","1%-10%","2","Stratus","2","Smooth-wavelets ","2","SW ","2","0.3- 1.5 ","2","SW ","2"
"정선해양관측","203-01","1968-04-28 07:00:00","126.5233","33.9433","0","0","","1013.2","2","14.8","2","쾌청(운량:0-2)","2","Very Low","2","S  ","2","FOREL-ULE SCALE V","2","","","1%-10%","2","Stratus","2","Smooth-wavelets ","2","SW ","2","0.3- 1.5 ","2","SW ","2"
"정선해양관측","203-01","1968-06-06 12:00:00","126.5233","33.9433","0","0","","","","19.6","2","","","","","","","FOREL-ULE SCALE IV","2","16.6","2","","","","","","","","","","","",""
"정선해양관측","203-01","1968-08-01 09:35:00","126.5233","33.9433","0","0","","1001.5","2","19.1","2","안개(Fog)","2","Very Low","2","SW ","2","FOREL-ULE SCALE IV","2","","","91%-100%","2","Stratus","2","Calm-ripples ","2","SW ","2","0 - 0.2 ","2","SW ","2"
"정선해양관측","203-01","1968-09-08 06:40:00","126.5233","33.9433","0","0","","1009.5","2","24.6","2","개임(운량:3-7)","2","Very Low","2","N  ","2","FOREL-ULE SCALE IV","2","","","61%-70%","2","Altocumulus","2","Calm-ripples ","2","N  ","2","0 - 0.2 ","2","N  ","2"
"정선해양관측","203-01","1968-10-19 15:00:00","126.5233","33.9433","0","0","","","","17","2","개임(운량:3-7)","2","","","","","","","17","2","21%-30%","2","Cumulus","2","","","","","","","",""
"정선해양관측","203-01","1968-11-17 02:40:00","126.5233","33.9433","0","0","","1025.4","2","13.1","2","개임(운량:3-7)","2","Very Low","2","W  ","2","","","","","51%-60%","2","Cumulonimbus","2","Calm-ripples ","2","W  ","2","0.3- 1.5 ","2","NW ","2"
"정선해양관측","203-01","1968-12-07 03:30:00","126.5233","33.9433","0","0","","1021.9","2","15.6","2","흐림(운량:8-10)","2","Very Low","2","NE ","2","","","15.4","2","91%-100%","2","Nimbostratus","2","Calm-ripples ","2","NE ","2","0.3- 1.5 ","2","NE ","2"
"정선해양관측","203-02","1968-02-23 09:50:00","126.4383","33.7917","0","0","","1028.3","2","5","2","흐림(운량:8-10)","2","Low","2","NW ","2","FOREL-ULE SCALE V","2","4.6","2","81%-90%","2","Cumulus","2","Moderate ","2","NW ","2","5.5- 7.9 ","2","NW ","2"
"정선해양관측","203-02","1968-04-28 09:40:00","126.4383","33.7917","0","0","","1013.4","2","17.4","2","쾌청(운량:0-2)","2","Very Low","2","S  ","2","FOREL-ULE SCALE III","2","","","1%-10%","2","Stratus","2","Smooth-wavelets ","2","SW ","2","0.3- 1.5 ","2","SW ","2"
"정선해양관측","203-02","1968-06-06 13:30:00","126.4383","33.7917","0","0","","","","20.8","2","","","","","SW ","2","FOREL-ULE SCALE III","2","18.4","2","","","","","Calm-ripples ","2","","","","","",""
"정선해양관측","203-02","1968-08-01 11:10:00","126.4383","33.7917","0","0","","1001.6","2","23","2","개임(운량:3-7)","2","Very Low","2","","","FOREL-ULE SCALE III","2","22.5","2","61%-70%","2","Altocumulus","2","","","WNW","2","0 - 0.2 ","2","WNW","2"
"정선해양관측","203-02","1968-09-08 08:00:00","126.4383","33.7917","0","0","","1010","2","25.9","2","쾌청(운량:0-2)","2","Very Low","2","N  ","2","FOREL-ULE SCALE III","2","","","41%-50%","2","Altocumulus","2","Calm-ripples ","2","N  ","2","0 - 0.2 ","2","N  ","2"
"정선해양관측","203-02","1968-10-19 13:00:00","126.4383","33.7917","0","0","","","","14","2","","","","","","","","","","","1%-10%","2","Cumulus","2","","","","","","","",""
"정선해양관측","203-02","1968-11-17 01:05:00","126.4383","33.7917","0","0","","1025.2","2","12.9","2","개임(운량:3-7)","2","Very Low","2","W  ","2","","","","","41%-50%","2","Stratocumulus","2","Calm-ripples ","2","W  ","2","0.3- 1.5 ","2","NNW","2"
"정선해양관측","203-02","1968-12-07 05:00:00","126.4383","33.7917","0","0","","1021.5","2","16.2","2","흐림(운량:8-10)","2","Very Low","2","NE ","2","","","15.8","2","91%-100%","2","Nimbostratus","2","Calm-ripples ","2","NE ","2","0 - 0.2 ","2","NE ","2"
"정선해양관측","203-03","1968-02-18 15:45:00","126.355","33.6383","0","0","","1020.1","2","8.2","2","흐림(운량:8-10)","2","Low","2","NW ","2","FOREL-ULE SCALE VI","2","","","91%-100%","2","Nimbostratus","2","Moderate ","2","NW ","2","5.5- 7.9 ","2","NW ","2"
"정선해양관측","203-03","1968-04-28 11:40:00","126.355","33.6383","0","0","","1013.6","2","16.1","2","쾌청(운량:0-2)","2","Very Low","2","S  ","2","FOREL-ULE SCALE II","2","","","1%-10%","2","Stratus","2","Calm-ripples ","2","SW ","2","0.3- 1.5 ","2","SW ","2"
"정선해양관측","203-03","1968-06-06 15:20:00","126.355","33.6383","0","0","","","","21","2","","","","","SW ","2","FOREL-ULE SCALE III","2","20.9","2","","","","","Calm-ripples ","2","","","0.3- 1.5 ","2","SW ","2"
"정선해양관측","203-03","1968-08-01 13:05:00","126.355","33.6383","0","0","","1001.6","2","22.7","2","안개(Fog)","2","Very Low","2","","","FOREL-ULE SCALE II","2","","","91%-100%","2","Altocumulus","2","","","","","0 - 0.2 ","2","W  ","2"
"정선해양관측","203-03","1968-09-08 09:45:00","126.355","33.6383","0","0","","1010","2","28.1","2","쾌청(운량:0-2)","2","Very Low","2","N  ","2","FOREL-ULE SCALE II","2","","","61%-70%","2","Altostratus","2","Calm-ripples ","2","N  ","2","0 - 0.2 ","2","N  ","2"
"정선해양관측","203-03","1968-10-17 01:10:00","126.355","33.6383","0","0","","","","20","2","개임(운량:3-7)","2","Very Low","2","NW ","2","FOREL-ULE SCALE III","2","","","51%-60%","2","Stratocumulus","2","Calm-ripples ","2","NW ","2","0.3- 1.5 ","2","NW ","2"
"정선해양관측","203-03","1968-11-14 16:30:00","126.355","33.6383","0","0","","1028","2","15.4","2","쾌청(운량:0-2)","2","Low","2","N  ","2","FOREL-ULE SCALE III","2","","","11%-20%","2","Cirrus","2","Smooth-wavelets ","2","N  ","2","0.3- 1.5 ","2","N  ","2"
"정선해양관측","203-03","1968-12-07 06:30:00","126.355","33.6383","0","0","","1021.1","2","16.4","2","흐림(운량:8-10)","2","Very Low","2","NE ","2","","","15.8","2","91%-100%","2","Nimbostratus","2","Calm-ripples ","2","NE ","2","0 - 0.2 ","2","NE ","2"
"정선해양관측","204-01","1968-02-17 17:55:00","127.7317","34.3467","0","0","","1024","2","6.2","2","쾌청(운량:0-2)","2","Very Low","2","SW ","2","","","6","2","11%-20%","2","Stratus","2","Calm-ripples ","2","SW ","2","1.6- 3.3 ","2","WSW","2"
"정선해양관측","204-01","1968-04-30 10:10:00","127.7317","34.3467","0","0","","","","19.7","2","쾌청(운량:0-2)","2","No Swell","2","","","FOREL-ULE SCALE V","2","","","1%-10%","2","Cirrus","2","Calm-glassy ","2","","","0 - 0.2 ","2","SE ","2"
"정선해양관측","204-01","1968-06-05 17:30:00","127.7317","34.3467","0","0","","","","20.1","2","","","","","SW ","2","FOREL-ULE SCALE IV","2","","","","","","","Calm-ripples ","2","","","0.3- 1.5 ","2","SW ","2"
"정선해양관측","204-01","1968-08-07 16:25:00","127.7317","34.3467","0","0","","1008.2","2","25.7","2","쾌청(운량:0-2)","2","Very Low","2","SW ","2","FOREL-ULE SCALE III","2","25.3","2","11%-20%","2","Cirrus","2","Smooth-wavelets ","2","SW ","2","0.3- 1.5 ","2","SW ","2"
"정선해양관측","204-01","1968-09-11 10:30:00","127.7317","34.3467","0","0","","1014.9","2","24.9","2","쾌청(운량:0-2)","2","Low","2","E  ","2","FOREL-ULE SCALE V","2","","","11%-20%","2","Cumulonimbus","2","Slight ","2","E  ","2","3.4- 5.4 ","2","E  ","2"
"정선해양관측","204-01","1968-10-09 21:30:00","127.7317","34.3467","0","0","","1013.9","2","18","2","비","2","Low","2","NE ","2","","","17.9","2","91%-100%","2","Nimbostratus","2","Slight ","2","NE ","2","3.4- 5.4 ","2","NNE","2"
"정선해양관측","204-01","1968-11-08 22:40:00","127.7317","34.3467","0","0","","1020","2","18.6","2","흐림(운량:8-10)","2","Low","2","S  ","2","","","","","81%-90%","2","Altostratus","2","Smooth-wavelets ","2","S  ","2","0.3- 1.5 ","2","SW ","2"
"정선해양관측","204-01","1968-12-08 00:22:00","127.7317","34.3467","0","0","","1019.9","2","14.6","2","개임(운량:3-7)","2","Very Low","2","NE ","2","","","13.9","2","61%-70%","2","Altocumulus","2","Smooth-wavelets ","2","NE ","2","1.6- 3.3 ","2","NE ","2"
"정선해양관측","204-02","1968-02-17 19:20:00","127.59","34.2283","0","0","","1024","2","6","2","쾌청(운량:0-2)","2","Very Low","2","SW ","2","","","5.8","2","11%-20%","2","Stratus","2","Calm-ripples ","2","SW ","2","1.6- 3.3 ","2","SW ","2"
"정선해양관측","204-02","1968-04-30 08:40:00","127.59","34.2283","0","0","","","","19.7","2","쾌청(운량:0-2)","2","No Swell","2","","","FOREL-ULE SCALE VI","2","","","1%-10%","2","Cirrus","2","Calm-glassy ","2","","","0 - 0.2 ","2","SE ","2"
"정선해양관측","204-02","1968-06-05 15:00:00","127.59","34.2283","0","0","","","","24","2","","","","","SW ","2","FOREL-ULE SCALE IV","2","22","2","","","","","Calm-ripples ","2","","","0.3- 1.5 ","2","SW ","2"
"정선해양관측","204-02","1968-08-07 19:20:00","127.59","34.2283","0","0","","1008.2","2","25","2","개임(운량:3-7)","2","Very Low","2","SW ","2","","","24.7","2","71%-80%","2","Altostratus","2","Smooth-wavelets ","2","SW ","2","0.3- 1.5 ","2","SW ","2"
"정선해양관측","204-02","1968-09-11 08:55:00","127.59","34.2283","0","0","","1014.2","2","24.8","2","개임(운량:3-7)","2","Low","2","NE ","2","FOREL-ULE SCALE IV","2","","","21%-30%","2","Cumulus","2","Slight ","2","NE ","2","3.4- 5.4 ","2","NE ","2"
"정선해양관측","204-02","1968-10-09 23:00:00","127.59","34.2283","0","0","","1014.1","2","18.4","2","비","2","Low","2","NE ","2","","","18.1","2","91%-100%","2","Nimbostratus","2","Slight ","2","NE ","2","3.4- 5.4 ","2","NE ","2"
"정선해양관측","204-02","1968-11-11 09:50:00","127.59","34.2283","0","0","","1022.5","2","12.1","2","흐림(운량:8-10)","2","Low","2","W  ","2","FOREL-ULE SCALE V","2","","","81%-90%","2","Nimbostratus","2","Slight ","2","W  ","2","3.4- 5.4 ","2","NW ","2"
"정선해양관측","204-02","1968-12-08 01:45:00","127.59","34.2283","0","0","","1019.2","2","14.8","2","개임(운량:3-7)","2","Very Low","2","NE ","2","","","14","2","71%-80%","2","Altocumulus","2","Smooth-wavelets ","2","NE ","2","1.6- 3.3 ","2","NE ","2"
"정선해양관측","204-03","1968-02-17 20:40:00","127.4467","34.1117","0","0","","1025","2","7.2","2","쾌청(운량:0-2)","2","Very Low","2","W  ","2","","","","","11%-20%","2","Stratus","2","Calm-ripples ","2","W  ","2","1.6- 3.3 ","2","WSW","2"
"정선해양관측","204-03","1968-04-30 07:10:00","127.4467","34.1117","0","0","","","","","","쾌청(운량:0-2)","2","No Swell","2","SE ","2","FOREL-ULE SCALE IV","2","","","1%-10%","2","Cirrus","2","Calm-ripples ","2","","","0.3- 1.5 ","2","SE ","2"
"정선해양관측","204-03","1968-06-05 13:00:00","127.4467","34.1117","0","0","","","","21.8","2","","","","","","","FOREL-ULE SCALE III","2","17.8","2","","","","","","","","","","","",""
"정선해양관측","204-03","1968-08-07 20:25:00","127.4467","34.1117","0","0","","1008","2","25.1","2","개임(운량:3-7)","2","Very Low","2","SW ","2","","","24.8","2","61%-70%","2","Altostratus","2","Slight ","2","SW ","2","1.6- 3.3 ","2","SW ","2"
"정선해양관측","204-03","1968-09-11 07:25:00","127.4467","34.1117","0","0","","1013.9","2","23.8","2","흐림(운량:8-10)","2","Low","2","NE ","2","FOREL-ULE SCALE IV","2","","","71%-80%","2","Cumulonimbus","2","Smooth-wavelets ","2","NE ","2","0.3- 1.5 ","2","E  ","2"
"정선해양관측","204-03","1968-10-10 00:15:00","127.4467","34.1117","0","0","","1014.2","2","19.6","2","비","2","Low","2","N  ","2","","","18.4","2","91%-100%","2","Nimbostratus","2","Slight ","2","N  ","2","1.6- 3.3 ","2","N  ","2"
"정선해양관측","204-03","1968-11-11 09:00:00","127.4467","34.1117","0","0","","1023","2","10.2","2","흐림(운량:8-10)","2","Low","2","NW ","2","FOREL-ULE SCALE V","2","","","71%-80%","2","Cumulus","2","Slight ","2","NW ","2","3.4- 5.4 ","2","NW ","2"
"정선해양관측","204-03","1968-12-08 03:45:00","127.4467","34.1117","0","0","","1019","2","14.6","2","개임(운량:3-7)","2","Low","2","NE ","2","","","13.9","2","71%-80%","2","Altocumulus","2","Slight ","2","NE ","2","3.4- 5.4 ","2","NE ","2"
"정선해양관측","204-04","1968-02-18 09:35:00","127.2533","33.9017","0","0","","1021.5","2","9.2","2","흐림(운량:8-10)","2","","","W  ","2","FOREL-ULE SCALE V","2","","","91%-100%","2","Cirrostratus","2","Calm-ripples ","2","","","0.3- 1.5 ","2","W  ","2"
"정선해양관측","204-04","1968-04-29 15:45:00","127.2533","33.9017","0","0","","","","16.1","2","쾌청(운량:0-2)","2","Low","2","S  ","2","FOREL-ULE SCALE III","2","","","1%-10%","2","Stratus","2","Slight ","2","SE ","2","0.3- 1.5 ","2","SE ","2"
"정선해양관측","204-04","1968-06-05 11:00:00","127.2533","33.9017","0","0","","","","20.4","2","","","","","","","FOREL-ULE SCALE III","2","17.2","2","","","","","","","","","","","",""
"정선해양관측","204-04","1968-08-08 09:00:00","127.2533","33.9017","0","0","","1008.2","2","27","2","개임(운량:3-7)","2","Very Low","2","W  ","2","FOREL-ULE SCALE III","2","26.7","2","71%-80%","2","Cirrus","2","Slight ","2","W  ","2","1.6- 3.3 ","2","SW ","2"
"정선해양관측","204-04","1968-09-10 19:05:00","127.2533","33.9017","0","0","","1010","2","24.6","2","개임(운량:3-7)","2","Very Low","2","NW ","2","","","","","31%-40%","2","Cirrostratus","2","Calm-ripples ","2","NW ","2","0.3- 1.5 ","2","NW ","2"
"정선해양관측","204-04","1968-10-10 02:30:00","127.2533","33.9017","0","0","","1014","2","19","2","비","2","Low","2","N  ","2","","","18.9","2","91%-100%","2","Nimbostratus","2","Slight ","2","N  ","2","1.6- 3.3 ","2","N  ","2"
"정선해양관측","204-04","1968-11-12 05:55:00","127.2533","33.9017","0","0","","1025","2","10.4","2","흐림(운량:8-10)","2","Low","2","N  ","2","FOREL-ULE SCALE V","2","","","81%-90%","2","Stratocumulus","2","Slight ","2","N  ","2","1.6- 3.3 ","2","NW ","2"
"정선해양관측","204-04","1968-12-08 05:15:00","127.2533","33.9017","0","0","","1018.4","2","14.5","2","개임(운량:3-7)","2","Low","2","NE ","2","","","13.3","2","71%-80%","2","Altocumulus","2","Moderate ","2","NE ","2","3.4- 5.4 ","2","NE ","2"
"정선해양관측","204-05","1968-02-18 11:00:00","127.1533","33.7583","0","0","","1021","2","11.1","2","흐림(운량:8-10)","2","Very Low","2","W  ","2","FOREL-ULE SCALE III","2","","","91%-100%","2","Cirrostratus","2","Smooth-wavelets ","2","W  ","2","3.4- 5.4 ","2","SW ","2"
"정선해양관측","204-05","1968-04-29 13:35:00","127.1533","33.7583","0","0","","","","19.1","2","쾌청(운량:0-2)","2","Very Low","2","S  ","2","FOREL-ULE SCALE IV","2","","","1%-10%","2","Cirrostratus","2","Smooth-wavelets ","2","SE ","2","1.6- 3.3 ","2","SE ","2"
"정선해양관측","204-05","1968-06-05 09:20:00","127.1533","33.7583","0","0","","","","21.1","2","","","","","","","FOREL-ULE SCALE III","2","18.8","2","","","","","","","","","","","",""
"정선해양관측","204-05","1968-08-08 10:30:00","127.1533","33.7583","0","0","","1007.9","2","27.1","2","흐림(운량:8-10)","2","Very Low","2","SW ","2","FOREL-ULE SCALE III","2","26.6","2","71%-80%","2","Altocumulus","2","Slight ","2","SW ","2","1.6- 3.3 ","2","SW ","2"
"정선해양관측","204-05","1968-09-10 17:35:00","127.1533","33.7583","0","0","","1009.9","2","25.1","2","쾌청(운량:0-2)","2","Low","2","NW ","2","FOREL-ULE SCALE III","2","","","1%-10%","2","Cirrus","2","Smooth-wavelets ","2","NW ","2","0.3- 1.5 ","2","NW ","2"
"정선해양관측","204-05","1968-10-10 04:15:00","127.1533","33.7583","0","0","","1014.5","2","19.4","2","흐림(운량:8-10)","2","Low","2","N  ","2","","","19","2","91%-100%","2","Nimbostratus","2","Smooth-wavelets ","2","N  ","2","1.6- 3.3 ","2","N  ","2"
"정선해양관측","204-05","1968-11-12 10:25:00","127.1533","33.7583","0","0","","1024.9","2","13.6","2","개임(운량:3-7)","2","Low","2","N  ","2","FOREL-ULE SCALE V","2","","","51%-60%","2","Stratocumulus","2","Slight ","2","W  ","2","1.6- 3.3 ","2","NW ","2"
"정선해양관측","204-05","1968-12-10 12:00:00","127.1533","33.7583","0","0","","1017.6","2","16.4","2","흐림(운량:8-10)","2","No Swell","2","NE ","2","FOREL-ULE SCALE IV","2","15.9","2","91%-100%","2","Cirrocumulus","2","Calm-ripples ","2","","","1.6- 3.3 ","2","NE ","2"
"정선해양관측","204-06","1968-02-18 13:05:00","127.0533","33.5967","0","0","","1020","2","11.1","2","흐림(운량:8-10)","2","Very Low","2","W  ","2","FOREL-ULE SCALE III","2","","","91%-100%","2","Cirrostratus","2","Smooth-wavelets ","2","W  ","2","0.3- 1.5 ","2","WSW","2"
"정선해양관측","204-06","1968-04-29 12:10:00","127.0533","33.5967","0","0","","","","15.3","2","개임(운량:3-7)","2","Very Low","2","S  ","2","FOREL-ULE SCALE II","2","","","21%-30%","2","Cirrostratus","2","Smooth-wavelets ","2","SE ","2","1.6- 3.3 ","2","SE ","2"
"정선해양관측","204-06","1968-06-05 06:15:00","127.0533","33.5967","0","0","","","","18.2","2","","","","","SW ","2","FOREL-ULE SCALE III","2","17.1","2","","","","","Calm-ripples ","2","","","0 - 0.2 ","2","SW ","2"
"정선해양관측","204-06","1968-08-08 12:50:00","127.0533","33.5967","0","0","","1007.7","2","26.2","2","안개(Fog)","2","Low","2","SW ","2","FOREL-ULE SCALE III","2","26","2","","","","","Moderate ","2","SW ","2","3.4- 5.4 ","2","SW ","2"
"정선해양관측","204-06","1968-09-10 07:50:00","127.0533","33.5967","0","0","","1010.4","2","24.1","2","쾌청(운량:0-2)","2","Low","2","NE ","2","FOREL-ULE SCALE IV","2","","","1%-10%","2","Cirrus","2","Calm-ripples ","2","NE ","2","0.3- 1.5 ","2","N  ","2"
"정선해양관측","204-06","1968-10-10 05:50:00","127.0533","33.5967","0","0","","1015","2","19.5","2","흐림(운량:8-10)","2","Low","2","N  ","2","","","19","2","91%-100%","2","Nimbostratus","2","Slight ","2","N  ","2","3.4- 5.4 ","2","N  ","2"
"정선해양관측","204-06","1968-11-12 13:10:00","127.0533","33.5967","0","0","","1024.9","2","13.8","2","개임(운량:3-7)","2","Low","2","N  ","2","FOREL-ULE SCALE IV","2","","","31%-40%","2","Stratocumulus","2","Slight ","2","N  ","2","3.4- 5.4 ","2","NW ","2"
"정선해양관측","204-06","1968-12-10 13:40:00","127.0533","33.5967","0","0","","1016.5","2","17","2","흐림(운량:8-10)","2","Very Low","2","NE ","2","FOREL-ULE SCALE IV","2","15.9","2","71%-80%","2","Cirrocumulus","2","Smooth-wavelets ","2","NE ","2","1.6- 3.3 ","2","NE ","2"
"정선해양관측","205-01","1968-02-17 15:50:00","127.8083","34.3717","0","0","","1024","2","10.9","2","쾌청(운량:0-2)","2","","","","","FOREL-ULE SCALE VI","2","10.3","2","1%-10%","2","Stratus","2","","","","","0.3- 1.5 ","2","SW ","2"
"정선해양관측","205-01","1968-02-17 16:50:00","127.8083","34.3717","0","0","","1024","2","10.9","2","쾌청(운량:0-2)","2","","","","","FOREL-ULE SCALE VI","2","10.3","2","1%-10%","2","Stratus","2","","","","","0.3- 1.5 ","2","SW ","2"
"정선해양관측","205-01","1968-04-23 15:00:00","127.8083","34.3717","0","0","","1014.5","2","18.3","2","쾌청(운량:0-2)","2","No Swell","2","NE ","2","FOREL-ULE SCALE VIII","2","17.3","2","","","","","Calm-ripples ","2","","","0 - 0.2 ","2","SSW","2"
"정선해양관측","205-01","1968-04-23 16:00:00","127.8083","34.3717","0","0","","1014.5","2","18.3","2","쾌청(운량:0-2)","2","No Swell","2","NE ","2","FOREL-ULE SCALE VIII","2","17.3","2","","","","","Calm-ripples ","2","","","0 - 0.2 ","2","SSW","2"
"정선해양관측","205-01","1968-06-11 14:00:00","127.8083","34.3717","0","0","","1005","2","20.7","2","개임(운량:3-7)","2","Low","2","SW ","2","FOREL-ULE SCALE II","2","19.3","2","31%-40%","2","Cirrus","2","Slight ","2","SW ","2","3.4- 5.4 ","2","SW ","2"
"정선해양관측","205-01","1968-08-07 15:25:00","127.8083","34.3717","0","0","","1008.7","2","28.2","2","개임(운량:3-7)","2","Very Low","2","SW ","2","FOREL-ULE SCALE III","2","27.4","2","41%-50%","2","Stratocumulus","2","Slight ","2","SW ","2","1.6- 3.3 ","2","SW ","2"
"정선해양관측","205-01","1968-09-08 11:50:00","127.8083","34.3717","0","0","","1007.8","2","24.9","2","쾌청(운량:0-2)","2","Very Low","2","E  ","2","FOREL-ULE SCALE II","2","","","11%-20%","2","Cirrus","2","Smooth-wavelets ","2","E  ","2","0.3- 1.5 ","2","E  ","2"
"정선해양관측","205-01","1968-10-09 20:45:00","127.8083","34.3717","0","0","","1013.5","2","18.5","2","비","2","Low","2","NE ","2","","","18","2","91%-100%","2","Nimbostratus","2","Smooth-wavelets ","2","NE ","2","3.4- 5.4 ","2","NE ","2"
"정선해양관측","205-01","1968-11-08 22:00:00","127.8083","34.3717","0","0","","1018.9","2","16.9","2","개임(운량:3-7)","2","Low","2","SW ","2","","","","","41%-50%","2","Altostratus","2","Slight ","2","SW ","2","1.6- 3.3 ","2","SW ","2"
"정선해양관측","205-01","1968-12-07 11:30:00","127.8083","34.3717","0","0","","1020.2","2","14.8","2","개임(운량:3-7)","2","Very Low","2","NE ","2","","","14","2","21%-30%","2","Altostratus","2","Smooth-wavelets ","2","NE ","2","1.6- 3.3 ","2","NE ","2"
"정선해양관측","205-02","1968-02-17 15:38:00","127.8683","34.25","0","0","","1024","2","8.7","2","쾌청(운량:0-2)","2","Very Low","2","NW ","2","FOREL-ULE SCALE IV","2","8.6","2","11%-20%","2","Stratus","2","Calm-ripples ","2","NW ","2","0.3- 1.5 ","2","NW ","2"
"정선해양관측","205-02","1968-04-23 16:15:00","127.8683","34.25","0","0","","1014.2","2","18.7","2","쾌청(운량:0-2)","2","No Swell","2","NE ","2","FOREL-ULE SCALE IV","2","17","2","","","","","Calm-ripples ","2","","","0 - 0.2 ","2","SW ","2"
"정선해양관측","205-02","1968-06-11 15:10:00","127.8683","34.25","0","0","","1004.8","2","20","2","흐림(운량:8-10)","2","Low","2","SW ","2","FOREL-ULE SCALE IV","2","19","2","81%-90%","2","Cirrus","2","Slight ","2","SW ","2","3.4- 5.4 ","2","SW ","2"
"정선해양관측","205-02","1968-08-07 13:10:00","127.8683","34.25","0","0","","1008.9","2","27.7","2","쾌청(운량:0-2)","2","Very Low","2","SW ","2","FOREL-ULE SCALE III","2","26.7","2","11%-20%","2","Cirrus","2","Slight ","2","SW ","2","1.6- 3.3 ","2","SW ","2"
"정선해양관측","205-02","1968-09-08 13:10:00","127.8683","34.25","0","0","","1007.2","2","24.5","2","쾌청(운량:0-2)","2","Low","2","E  ","2","FOREL-ULE SCALE III","2","","","11%-20%","2","Cirrus","2","Smooth-wavelets ","2","E  ","2","0.3- 1.5 ","2","E  ","2"
"정선해양관측","205-02","1968-10-11 10:35:00","127.8683","34.25","0","0","","1021.6","2","18.4","2","흐림(운량:8-10)","2","Low","2","NE ","2","FOREL-ULE SCALE IV","2","18.2","2","91%-100%","2","Nimbostratus","2","Slight ","2","NE ","2","3.4- 5.4 ","2","NE ","2"
"정선해양관측","205-02","1968-11-08 23:35:00","127.8683","34.25","0","0","","1017.9","2","16.7","2","개임(운량:3-7)","2","Low","2","W  ","2","","","","","21%-30%","2","Cirrostratus","2","Slight ","2","W  ","2","1.6- 3.3 ","2","SW ","2"
"정선해양관측","205-02","1968-12-11 07:10:00","127.8683","34.25","0","0","","1019.2","2","15.1","2","쾌청(운량:0-2)","2","No Swell","2","NW ","2","","","14.6","2","","","","","Calm-ripples ","2","","","0.3- 1.5 ","2","NW ","2"
"정선해양관측","205-03","1968-02-17 13:55:00","127.9483","34.0917","0","0","","1026.5","2","8.4","2","쾌청(운량:0-2)","2","Very Low","2","NW ","2","FOREL-ULE SCALE III","2","8.3","2","11%-20%","2","Stratus","2","Smooth-wavelets ","2","NW ","2","1.6- 3.3 ","2","NW ","2"
"정선해양관측","205-03","1968-04-23 17:40:00","127.9483","34.0917","0","0","","1014.8","2","16","2","흐림(운량:8-10)","2","No Swell","2","NE ","2","FOREL-ULE SCALE III","2","15.5","2","71%-80%","2","Stratocumulus","2","Calm-ripples ","2","","","0 - 0.2 ","2","SSW","2"
"정선해양관측","205-03","1968-06-11 16:45:00","127.9483","34.0917","0","0","","1005","2","19.8","2","흐림(운량:8-10)","2","Low","2","SW ","2","FOREL-ULE SCALE III","2","19.5","2","81%-90%","2","Cirrus","2","Slight ","2","SW ","2","3.4- 5.4 ","2","SW ","2"
"정선해양관측","205-03","1968-08-07 11:20:00","127.9483","34.0917","0","0","","1009.7","2","28","2","개임(운량:3-7)","2","Very Low","2","SW ","2","FOREL-ULE SCALE III","2","27","2","31%-40%","2","Altocumulus","2","Slight ","2","SW ","2","1.6- 3.3 ","2","SW ","2"
"정선해양관측","205-03","1968-09-08 14:25:00","127.9483","34.0917","0","0","","1006.9","2","24.9","2","쾌청(운량:0-2)","2","Low","2","E  ","2","FOREL-ULE SCALE III","2","","","1%-10%","2","Cirrus","2","Smooth-wavelets ","2","E  ","2","0.3- 1.5 ","2","E  ","2"
"정선해양관측","205-03","1968-10-10 17:50:00","127.9483","34.0917","0","0","","1017.1","2","20","2","흐림(운량:8-10)","2","Low","2","NE ","2","","","19.8","2","91%-100%","2","Nimbostratus","2","Moderate ","2","NE ","2","3.4- 5.4 ","2","NE ","2"
"정선해양관측","205-03","1968-11-09 01:05:00","127.9483","34.0917","0","0","","1017.8","2","16.7","2","개임(운량:3-7)","2","Very Low","2","SW ","2","","","","","51%-60%","2","Altostratus","2","Smooth-wavelets ","2","SW ","2","0.3- 1.5 ","2","SW ","2"
"정선해양관측","205-03","1968-12-11 05:55:00","127.9483","34.0917","0","0","","1008","2","15","2","개임(운량:3-7)","2","No Swell","2","NW ","2","","","14.6","2","41%-50%","2","Cirrus","2","Calm-ripples ","2","","","1.6- 3.3 ","2","NW ","2"
"정선해양관측","205-04","1968-02-17 11:55:00","128.05","33.8583","0","0","","1026.5","2","8.4","2","쾌청(운량:0-2)","2","Very Low","2","N  ","2","FOREL-ULE SCALE III","2","8.3","2","11%-20%","2","Stratus","2","Smooth-wavelets ","2","N  ","2","1.6- 3.3 ","2","NW ","2"
"정선해양관측","205-04","1968-04-23 19:45:00","128.05","33.8583","0","0","","1016","2","14.7","2","개임(운량:3-7)","2","No Swell","2","SW ","2","","","14.4","2","51%-60%","2","Stratocumulus","2","Calm-ripples ","2","","","0 - 0.2 ","2","SW ","2"
"정선해양관측","205-04","1968-06-11 18:30:00","128.05","33.8583","0","0","","1005.5","2","19.3","2","개임(운량:3-7)","2","Low","2","SW ","2","FOREL-ULE SCALE III","2","18.9","2","61%-70%","2","Cirrus","2","Slight ","2","SW ","2","3.4- 5.4 ","2","SW ","2"
"정선해양관측","205-04","1968-08-07 08:55:00","128.05","33.8583","0","0","","1010.2","2","27.1","2","개임(운량:3-7)","2","Very Low","2","SW ","2","FOREL-ULE SCALE III","2","26.3","2","21%-30%","2","Cirrus","2","Slight ","2","SW ","2","1.6- 3.3 ","2","SW ","2"
"정선해양관측","205-04","1968-09-08 16:00:00","128.05","33.8583","0","0","","1006.7","2","24.9","2","쾌청(운량:0-2)","2","Low","2","NE ","2","FOREL-ULE SCALE III","2","","","11%-20%","2","Cirrus","2","Smooth-wavelets ","2","NE ","2","1.6- 3.3 ","2","NE ","2"
"정선해양관측","205-04","1968-10-10 16:30:00","128.05","33.8583","0","0","","1017","2","21.3","2","흐림(운량:8-10)","2","Low","2","NE ","2","FOREL-ULE SCALE III","2","20.5","2","91%-100%","2","Nimbostratus","2","Slight ","2","NE ","2","3.4- 5.4 ","2","NE ","2"
"정선해양관측","205-04","1968-11-09 21:05:00","128.05","33.8583","0","0","","1017.9","2","15.6","2","개임(운량:3-7)","2","Low","2","","","","","","","61%-70%","2","Stratocumulus","2","Slight ","2","","","3.4- 5.4 ","2","W  ","2"
"정선해양관측","205-04","1968-12-11 03:20:00","128.05","33.8583","0","0","","1018","2","15.8","2","개임(운량:3-7)","2","Very Low","2","NW ","2","","","15","2","41%-50%","2","Cirrus","2","Calm-ripples ","2","NW ","2","0.3- 1.5 ","2","NW ","2"
"정선해양관측","205-05","1968-02-17 08:50:00","128.1533","33.6217","0","0","","1026.5","2","6.9","2","개임(운량:3-7)","2","Low","2","NE ","2","FOREL-ULE SCALE II","2","7","2","61%-70%","2","Altostratus","2","Smooth-wavelets ","2","NE ","2","1.6- 3.3 ","2","NNW","2"
"정선해양관측","205-05","1968-04-23 21:45:00","128.1533","33.6217","0","0","","1017.1","2","15.9","2","개임(운량:3-7)","2","No Swell","2","SW ","2","","","15","2","51%-60%","2","Stratocumulus","2","Calm-ripples ","2","","","0 - 0.2 ","2","SW ","2"
"정선해양관측","205-05","1968-06-11 20:00:00","128.1533","33.6217","0","0","","1006.3","2","20","2","흐림(운량:8-10)","2","Low","2","S  ","2","","","19.9","2","91%-100%","2","Stratocumulus","2","Slight ","2","S  ","2","3.4- 5.4 ","2","S  ","2"
"정선해양관측","205-05","1968-08-07 06:45:00","128.1533","33.6217","0","0","","1009.5","2","26.3","2","개임(운량:3-7)","2","Very Low","2","SW ","2","FOREL-ULE SCALE III","2","25.9","2","71%-80%","2","Altocumulus","2","Slight ","2","SW ","2","1.6- 3.3 ","2","SW ","2"
"정선해양관측","205-05","1968-09-08 18:50:00","128.1533","33.6217","0","0","","1006.4","2","24.7","2","개임(운량:3-7)","2","Low","2","E  ","2","","","","","21%-30%","2","Cumulus","2","Smooth-wavelets ","2","E  ","2","1.6- 3.3 ","2","E  ","2"
"정선해양관측","205-05","1968-10-10 13:40:00","128.1533","33.6217","0","0","","1015.6","2","20.3","2","흐림(운량:8-10)","2","Low","2","NNE","2","FOREL-ULE SCALE III","2","20","2","91%-100%","2","Cumulonimbus","2","Moderate ","2","NNE","2","3.4- 5.4 ","2","NNE","2"
"정선해양관측","205-05","1968-11-13 04:20:00","128.1533","33.6217","0","0","","1024.9","2","12.6","2","개임(운량:3-7)","2","Low","2","NW ","2","","","","","51%-60%","2","Stratocumulus","2","Smooth-wavelets ","2","NW ","2","0.3- 1.5 ","2","N  ","2"
"정선해양관측","205-05","1968-12-11 00:15:00","128.1533","33.6217","0","0","","1018.5","2","16.8","2","쾌청(운량:0-2)","2","Very Low","2","NE ","2","","","16","2","11%-20%","2","Cirrus","2","Calm-ripples ","2","NE ","2","1.6- 3.3 ","2","NE ","2"
"정선해양관측","205-06","1968-02-17 06:55:00","128.2383","33.3967","0","0","","1025","2","7","2","개임(운량:3-7)","2","Low","2","N  ","2","","","7.2","2","21%-30%","2","Cumulus","2","Smooth-wavelets ","2","N  ","2","3.4- 5.4 ","2","N  ","2"
"정선해양관측","205-06","1968-04-24 23:50:00","128.2383","33.3967","0","0","","1017.8","2","15.6","2","쾌청(운량:0-2)","2","No Swell","2","SW ","2","","","15.2","2","11%-20%","2","Stratocumulus","2","Calm-ripples ","2","","","0 - 0.2 ","2","SW ","2"
"정선해양관측","205-06","1968-06-11 21:15:00","128.2383","33.3967","0","0","","1007.2","2","20.1","2","흐림(운량:8-10)","2","Low","2","S  ","2","","","20","2","91%-100%","2","Stratocumulus","2","Slight ","2","S  ","2","3.4- 5.4 ","2","S  ","2"
"정선해양관측","205-06","1968-08-07 04:30:00","128.2383","33.3967","0","0","","1009.6","2","26.1","2","비","2","Very Low","2","SW ","2","","","25.8","2","61%-70%","2","Altocumulus","2","Slight ","2","SW ","2","1.6- 3.3 ","2","SE ","2"
"정선해양관측","205-07","1968-02-17 04:35:00","128.355","33.1617","0","0","","1025.5","2","7.3","2","개임(운량:3-7)","2","Low","2","N  ","2","","","7.4","2","11%-20%","2","Cumulus","2","Smooth-wavelets ","2","NE ","2","1.6- 3.3 ","2","N  ","2"
"정선해양관측","205-07","1968-04-24 02:15:00","128.355","33.1617","0","0","","1017.6","2","15.6","2","쾌청(운량:0-2)","2","No Swell","2","SW ","2","","","14.8","2","11%-20%","2","Stratus","2","Calm-ripples ","2","","","0 - 0.2 ","2","SW ","2"
"정선해양관측","205-07","1968-06-11 22:50:00","128.355","33.1617","0","0","","1008.4","2","20.1","2","","","Low","2","S  ","2","","","20","2","","","","","Slight ","2","S  ","2","1.6- 3.3 ","2","S  ","2"
"정선해양관측","205-07","1968-08-07 02:40:00","128.355","33.1617","0","0","","1010.2","2","27.1","2","개임(운량:3-7)","2","Very Low","2","SE ","2","","","26.7","2","41%-50%","2","Cirrus","2","Slight ","2","SE ","2","0.3- 1.5 ","2","SE ","2"
"정선해양관측","205-07","1968-10-12 22:45:00","128.355","33.1617","0","0","","","","21.1","2","흐림(운량:8-10)","2","Low","2","N  ","2","","","","","91%-100%","2","Nimbostratus","2","Slight ","2","N  ","2","1.6- 3.3 ","2","N  ","2"
"정선해양관측","205-08","1968-02-17 01:30:00","128.45","32.9317","0","0","","1025","2","7.9","2","쾌청(운량:0-2)","2","Low","2","NE ","2","","","8.1","2","11%-20%","2","Cumulus","2","Slight ","2","NE ","2","3.4- 5.4 ","2","NE ","2"
"정선해양관측","205-08","1968-04-24 04:40:00","128.45","32.9317","0","0","","1018.5","2","15.3","2","쾌청(운량:0-2)","2","No Swell","2","SW ","2","","","","","11%-20%","2","Stratus","2","Smooth-wavelets ","2","","","0.3- 1.5 ","2","SW ","2"
"정선해양관측","205-08","1968-06-12 00:45:00","128.45","32.9317","0","0","","1008.3","2","21","2","","","Low","2","S  ","2","","","20.2","2","","","","","Slight ","2","S  ","2","1.6- 3.3 ","2","S  ","2"
"정선해양관측","205-08","1968-08-07 00:15:00","128.45","32.9317","0","0","","1011.3","2","27.2","2","개임(운량:3-7)","2","Very Low","2","SE ","2","","","26.5","2","71%-80%","2","Cumulus","2","Slight ","2","SE ","2","1.6- 3.3 ","2","SE ","2"
"정선해양관측","206-01","1968-02-16 10:30:00","128.575","34.5917","0","0","","1025","2","4.7","2","쾌청(운량:0-2)","2","Low","2","NE ","2","FOREL-ULE SCALE VII","2","4.2","2","11%-20%","2","Stratus","2","Slight ","2","NE ","2","1.6- 3.3 ","2","NE ","2"
"정선해양관측","206-01","1968-04-24 18:45:00","128.575","34.5917","0","0","","1019.5","2","14.4","2","개임(운량:3-7)","2","Very Low","2","S  ","2","","","14","2","31%-40%","2","Stratus","2","Smooth-wavelets ","2","S  ","2","0.3- 1.5 ","2","N  ","2"
"정선해양관측","206-01","1968-06-12 12:55:00","128.575","34.5917","0","0","","1007.3","2","18.4","2","흐림(운량:8-10)","2","Low","2","SW ","2","FOREL-ULE SCALE IV","2","18.2","2","91%-100%","2","Altostratus","2","Slight ","2","SW ","2","0 - 0.2 ","2","SW ","2"
"정선해양관측","206-01","1968-08-10 03:40:00","128.575","34.5917","0","0","","1011.6","2","23.2","2","흐림(운량:8-10)","2","Very Low","2","NE ","2","","","22.4","2","71%-80%","2","Cirrus","2","Smooth-wavelets ","2","NE ","2","0.3- 1.5 ","2","NE ","2"
"정선해양관측","206-01","1968-09-12 08:50:00","128.575","34.5917","0","0","","1013.9","2","25","2","흐림(운량:8-10)","2","Very Low","2","NE ","2","FOREL-ULE SCALE V","2","","","91%-100%","2","Nimbostratus","2","Calm-ripples ","2","NE ","2","0 - 0.2 ","2","SE ","2"
"정선해양관측","206-01","1968-10-09 14:50:00","128.575","34.5917","0","0","","1013","2","19.9","2","흐림(운량:8-10)","2","Low","2","NE ","2","FOREL-ULE SCALE IV","2","18.9","2","91%-100%","2","Nimbostratus","2","Slight ","2","NE ","2","3.4- 5.4 ","2","NE ","2"
"정선해양관측","206-01","1968-11-07 22:30:00","128.575","34.5917","0","0","","1020.1","2","16","2","쾌청(운량:0-2)","2","Very Low","2","W  ","2","","","","","","","","","Calm-ripples ","2","W  ","2","0 - 0.2 ","2","W  ","2"
"정선해양관측","206-01","1968-12-07 18:20:00","128.575","34.5917","0","0","","1019.6","2","16.2","2","개임(운량:3-7)","2","No Swell","2","NE ","2","","","15.4","2","21%-30%","2","Altocumulus","2","Calm-ripples ","2","","","0 - 0.2 ","2","NE ","2"
"정선해양관측","206-02","1968-02-16 12:10:00","128.6867","34.4933","0","0","","1025","2","4.5","2","개임(운량:3-7)","2","Low","2","NE ","2","FOREL-ULE SCALE V","2","","","21%-30%","2","Cumulus","2","Moderate ","2","NE ","2","3.4- 5.4 ","2","NE ","2"
"정선해양관측","206-02","1968-04-24 17:20:00","128.6867","34.4933","0","0","","1019.3","2","16.4","2","쾌청(운량:0-2)","2","Very Low","2","SW ","2","FOREL-ULE SCALE V","2","16","2","11%-20%","2","Stratus","2","Smooth-wavelets ","2","SW ","2","0.3- 1.5 ","2","SW ","2"
"정선해양관측","206-02","1968-06-12 11:45:00","128.6867","34.4933","0","0","","1007.4","2","16.6","2","흐림(운량:8-10)","2","Low","2","SW ","2","FOREL-ULE SCALE IV","2","19.4","2","91%-100%","2","Altostratus","2","Slight ","2","SW ","2","1.6- 3.3 ","2","SW ","2"
"정선해양관측","206-02","1968-08-10 05:25:00","128.6867","34.4933","0","0","","1021.1","2","25.4","2","흐림(운량:8-10)","2","Very Low","2","N  ","2","","","24","2","71%-80%","2","Cirrus","2","Smooth-wavelets ","2","N  ","2","0.3- 1.5 ","2","N  ","2"
"정선해양관측","206-02","1968-09-06 07:00:00","128.6867","34.4933","0","0","","1009","2","25.3","2","흐림(운량:8-10)","2","Very Low","2","S  ","2","FOREL-ULE SCALE III","2","","","81%-90%","2","Altostratus","2","Smooth-wavelets ","2","S  ","2","0.3- 1.5 ","2","S  ","2"
"정선해양관측","206-02","1968-10-11 23:35:00","128.6867","34.4933","0","0","","1021.9","2","18.9","2","흐림(운량:8-10)","2","Low","2","NE ","2","","","18.2","2","71%-80%","2","Nimbostratus","2","Calm-ripples ","2","NE ","2","1.6- 3.3 ","2","NE ","2"
"정선해양관측","206-02","1968-11-07 23:35:00","128.6867","34.4933","0","0","","1020.1","2","15.6","2","쾌청(운량:0-2)","2","Very Low","2","SW ","2","","","","","","","","","Calm-ripples ","2","SW ","2","0 - 0.2 ","2","SW ","2"
"정선해양관측","206-02","1968-12-11 21:25:00","128.6867","34.4933","0","0","","1017","2","16.2","2","개임(운량:3-7)","2","Low","2","NW ","2","","","15.9","2","31%-40%","2","Altocumulus","2","Slight ","2","NW ","2","0.3- 1.5 ","2","NW ","2"
"정선해양관측","206-03","1968-01-11 12:30:00","128.8283","34.3733","0","0","","1026.1","2","9","2","개임(운량:3-7)","2","Very Low","2","NW ","2","FOREL-ULE SCALE VII","2","","","21%-30%","2","Altostratus","2","Calm-ripples ","2","NW ","2","8.0-10.7 ","2","NW ","2"
"정선해양관측","206-03","1968-02-16 13:20:00","128.8283","34.3733","0","0","","1025.5","2","5.2","2","개임(운량:3-7)","2","Low","2","NE ","2","FOREL-ULE SCALE IV","2","","","41%-50%","2","Cumulus","2","Moderate ","2","NE ","2","3.4- 5.4 ","2","NE ","2"
"정선해양관측","206-03","1968-04-24 16:00:00","128.8283","34.3733","0","0","","1019.5","2","18.8","2","쾌청(운량:0-2)","2","Very Low","2","SW ","2","FOREL-ULE SCALE V","2","18","2","","","","","Smooth-wavelets ","2","SW ","2","0.3- 1.5 ","2","SW ","2"
"정선해양관측","206-03","1968-06-12 10:25:00","128.8283","34.3733","0","0","","1007.3","2","19.7","2","흐림(운량:8-10)","2","Low","2","SW ","2","FOREL-ULE SCALE III","2","19","2","91%-100%","2","Altostratus","2","Slight ","2","SW ","2","1.6- 3.3 ","2","SW ","2"
"정선해양관측","206-03","1968-08-10 06:50:00","128.8283","34.3733","0","0","","1012.5","2","25.4","2","흐림(운량:8-10)","2","Very Low","2","N  ","2","FOREL-ULE SCALE II","2","24.8","2","81%-90%","2","Altostratus","2","Slight ","2","N  ","2","1.6- 3.3 ","2","N  ","2"
"정선해양관측","206-03","1968-10-11 22:15:00","128.8283","34.3733","0","0","","1022","2","18.7","2","흐림(운량:8-10)","2","Low","2","NE ","2","","","17.8","2","71%-80%","2","Altostratus","2","Smooth-wavelets ","2","NE ","2","1.6- 3.3 ","2","NE ","2"
"정선해양관측","206-03","1968-11-08 01:00:00","128.8283","34.3733","0","0","","1021.5","2","16.2","2","쾌청(운량:0-2)","2","Very Low","2","SW ","2","","","","","1%-10%","2","Cirrus","2","Calm-ripples ","2","SW ","2","0 - 0.2 ","2","SW ","2"
"정선해양관측","206-03","1968-12-11 20:05:00","128.8283","34.3733","0","0","","1017.8","2","16.3","2","흐림(운량:8-10)","2","Very Low","2","NW ","2","","","15.8","2","71%-80%","2","Altocumulus","2","Smooth-wavelets ","2","NW ","2","1.6- 3.3 ","2","NW ","2"
"정선해양관측","206-04","1968-01-11 13:35:00","128.9667","34.255","0","0","","1026.1","2","9","2","개임(운량:3-7)","2","Very Low","2","NW ","2","FOREL-ULE SCALE VII","2","","","21%-30%","2","Altostratus","2","Calm-ripples ","2","NW ","2","8.0-10.7 ","2","NW ","2"
"정선해양관측","206-04","1968-02-16 15:05:00","128.9667","34.255","0","0","","1025.5","2","6.2","2","개임(운량:3-7)","2","Low","2","NNE","2","FOREL-ULE SCALE II","2","6.3","2","61%-70%","2","Cumulus","2","Moderate ","2","NE ","2","3.4- 5.4 ","2","NNE","2"
"정선해양관측","206-04","1968-04-24 14:40:00","128.9667","34.255","0","0","","1020.4","2","17.1","2","쾌청(운량:0-2)","2","Very Low","2","SW ","2","FOREL-ULE SCALE IV","2","16","2","","","","","Smooth-wavelets ","2","SW ","2","0.3- 1.5 ","2","SW ","2"
"정선해양관측","206-04","1968-06-12 08:55:00","128.9667","34.255","0","0","","1007.5","2","19.8","2","흐림(운량:8-10)","2","Low","2","SW ","2","FOREL-ULE SCALE III","2","","","91%-100%","2","Altostratus","2","Slight ","2","SW ","2","1.6- 3.3 ","2","SW ","2"
"정선해양관측","206-04","1968-08-10 08:00:00","128.9667","34.255","0","0","","1012.8","2","26","2","흐림(운량:8-10)","2","Very Low","2","N  ","2","FOREL-ULE SCALE II","2","24.9","2","81%-90%","2","Altostratus","2","Slight ","2","N  ","2","1.6- 3.3 ","2","N  ","2"
"정선해양관측","206-04","1968-09-06 10:00:00","128.9667","34.255","0","0","","1009.5","2","27.4","2","흐림(운량:8-10)","2","Low","2","S  ","2","FOREL-ULE SCALE III","2","","","81%-90%","2","Altostratus","2","Calm-ripples ","2","S  ","2","0 - 0.2 ","2","E  ","2"
"정선해양관측","206-04","1968-10-11 20:45:00","128.9667","34.255","0","0","","1022","2","18.8","2","흐림(운량:8-10)","2","Low","2","NE ","2","","","17.6","2","71%-80%","2","Altostratus","2","Smooth-wavelets ","2","NE ","2","1.6- 3.3 ","2","NE ","2"
"정선해양관측","206-04","1968-11-08 02:20:00","128.9667","34.255","0","0","","1021.5","2","16.6","2","쾌청(운량:0-2)","2","Very Low","2","SW ","2","","","","","","","","","Calm-ripples ","2","SW ","2","0.3- 1.5 ","2","SW ","2"
"정선해양관측","206-04","1968-12-11 18:45:00","128.9667","34.255","0","0","","1017.9","2","16.5","2","흐림(운량:8-10)","2","Very Low","2","NW ","2","","","16","2","71%-80%","2","Altocumulus","2","Smooth-wavelets ","2","NW ","2","1.6- 3.3 ","2","NW ","2"
"정선해양관측","206-05","1968-01-11 14:50:00","129.105","34.135","0","0","","1025.6","2","","","개임(운량:3-7)","2","Very Low","2","NW ","2","FOREL-ULE SCALE IV","2","","","31%-40%","2","Altostratus","2","Calm-ripples ","2","NW ","2","8.0-10.7 ","2","NW ","2"
"정선해양관측","206-05","1968-02-16 16:35:00","129.105","34.135","0","0","","1025.5","2","6.1","2","개임(운량:3-7)","2","Low","2","NE ","2","FOREL-ULE SCALE II","2","","","91%-100%","2","Stratocumulus","2","Moderate ","2","NE ","2","3.4- 5.4 ","2","NE ","2"
"정선해양관측","206-05","1968-04-24 13:10:00","129.105","34.135","0","0","","1021","2","20","2","쾌청(운량:0-2)","2","","","SW ","2","FOREL-ULE SCALE III","2","19.1","2","Zero","2","","","Calm-ripples ","2","","","0 - 0.2 ","2","SW ","2"
"정선해양관측","206-05","1968-06-12 07:50:00","129.105","34.135","0","0","","1007.8","2","19.4","2","흐림(운량:8-10)","2","Low","2","SW ","2","","","19","2","91%-100%","2","Altostratus","2","Slight ","2","SW ","2","1.6- 3.3 ","2","SW ","2"
"정선해양관측","206-05","1968-08-10 09:55:00","129.105","34.135","0","0","","1012.2","2","27.8","2","흐림(운량:8-10)","2","Very Low","2","N  ","2","FOREL-ULE SCALE II","2","26.4","2","71%-80%","2","Altocumulus","2","Smooth-wavelets ","2","N  ","2","0.3- 1.5 ","2","N  ","2"
"정선해양관측","206-05","1968-09-06 12:55:00","129.105","34.135","0","0","","1009","2","26.4","2","흐림(운량:8-10)","2","Very Low","2","E  ","2","FOREL-ULE SCALE IV","2","","","81%-90%","2","Cumulus","2","Calm-ripples ","2","E  ","2","0 - 0.2 ","2","SE ","2"
"정선해양관측","206-05","1968-10-11 19:20:00","129.105","34.135","0","0","","1021","2","18.4","2","개임(운량:3-7)","2","Low","2","NE ","2","","","17.1","2","21%-30%","2","Stratus","2","Slight ","2","NE ","2","3.4- 5.4 ","2","NE ","2"
"정선해양관측","206-05","1968-11-08 03:40:00","129.105","34.135","0","0","","1021.2","2","16.9","2","쾌청(운량:0-2)","2","Very Low","2","W  ","2","","","","","","","","","Calm-ripples ","2","W  ","2","0 - 0.2 ","2","W  ","2"
"정선해양관측","206-05","1968-12-11 17:40:00","129.105","34.135","0","0","","1016.8","2","16.9","2","","","Very Low","2","NW ","2","","","16.2","2","71%-80%","2","Altocumulus","2","Smooth-wavelets ","2","NW ","2","1.6- 3.3 ","2","NW ","2"
"정선해양관측","207-01","1968-01-12 10:25:00","129.12","35.0217","0","0","","1026.5","2","5.4","2","쾌청(운량:0-2)","2","Very Low","2","SW ","2","FOREL-ULE SCALE VII","2","","","11%-20%","2","","","Smooth-wavelets ","2","SW ","2","8.0-10.7 ","2","SW ","2"
"정선해양관측","207-01","1968-02-17 07:40:00","129.12","35.0217","0","0","","1025.4","2","4.5","2","쾌청(운량:0-2)","2","","","NW ","2","FOREL-ULE SCALE V","2","","","1%-10%","2","Cirrus","2","Calm-ripples ","2","","","0.3- 1.5 ","2","NNW","2"
"정선해양관측","207-01","1968-04-25 14:10:00","129.12","35.0217","0","0","","1017.6","2","17.5","2","쾌청(운량:0-2)","2","Low","2","SW ","2","FOREL-ULE SCALE V","2","17","2","11%-20%","2","Cirrostratus","2","Slight ","2","SW ","2","1.6- 3.3 ","2","SW ","2"
"정선해양관측","207-01","1968-06-13 11:25:00","129.12","35.0217","0","0","","1008.2","2","21.2","2","흐림(운량:8-10)","2","","","NE ","2","FOREL-ULE SCALE IV","2","20","2","91%-100%","2","Altostratus","2","Calm-ripples ","2","","","0.3- 1.5 ","2","NE ","2"
"정선해양관측","207-01","1968-07-04 16:20:00","129.12","35.0217","0","0","","1008.5","2","20.9","2","흐림(운량:8-10)","2","","","SSE","2","FOREL-ULE SCALE V","2","","","91%-100%","2","Stratocumulus","2","Smooth-wavelets ","2","","","3.4- 5.4 ","2","SSE","2"
"정선해양관측","207-01","1968-08-14 09:55:00","129.12","35.0217","0","0","","1013.2","2","25.2","2","안개(Fog)","2","Very Low","2","NE ","2","FOREL-ULE SCALE IV","2","24.6","2","","","","","Slight ","2","NE ","2","1.6- 3.3 ","2","NE ","2"
"정선해양관측","207-01","1968-09-12 18:20:00","129.12","35.0217","0","0","","1012.4","2","20","2","흐림(운량:8-10)","2","Very Low","2","NE ","2","FOREL-ULE SCALE V","2","","","91%-100%","2","Nimbostratus","2","Smooth-wavelets ","2","NE ","2","0.3- 1.5 ","2","NE ","2"
"정선해양관측","207-01","1968-10-12 08:00:00","129.12","35.0217","0","0","","1023","2","17.8","2","개임(운량:3-7)","2","Low","2","NE ","2","","","17.6","2","61%-70%","2","Altocumulus","2","Calm-ripples ","2","NE ","2","1.6- 3.3 ","2","N  ","2"
"정선해양관측","207-01","1968-11-07 14:50:00","129.12","35.0217","0","0","","1020","2","18.4","2","쾌청(운량:0-2)","2","Very Low","2","SE ","2","FOREL-ULE SCALE IV","2","","","51%-60%","2","Cirrus","2","Calm-ripples ","2","SE ","2","0 - 0.2 ","2","SE ","2"
"정선해양관측","207-01","1968-12-12 05:05:00","129.12","35.0217","0","0","","1015","2","13.2","2","비","2","Very Low","2","NW ","2","","","12.9","2","71%-80%","2","Cirrus","2","Smooth-wavelets ","2","NW ","2","1.6- 3.3 ","2","NW ","2"
"정선해양관측","207-02","1968-01-12 09:30:00","129.1867","34.96","0","0","","1026.2","2","5.9","2","쾌청(운량:0-2)","2","Very Low","2","SW ","2","FOREL-ULE SCALE VI","2","","","11%-20%","2","","","Slight ","2","SW ","2","5.5- 7.9 ","2","SW ","2"
"정선해양관측","207-02","1968-02-17 09:10:00","129.1867","34.96","0","0","","1025.2","2","8.3","2","쾌청(운량:0-2)","2","Very Low","2","","","FOREL-ULE SCALE V","2","","","","","","","","","NW ","2","0.3- 1.5 ","2","NW ","2"
"정선해양관측","207-02","1968-04-25 14:50:00","129.1867","34.96","0","0","","1017","2","18","2","쾌청(운량:0-2)","2","Low","2","SW ","2","FOREL-ULE SCALE IV","2","17.5","2","11%-20%","2","Cirrostratus","2","Slight ","2","SW ","2","1.6- 3.3 ","2","SW ","2"
"정선해양관측","207-02","1968-06-13 12:15:00","129.1867","34.96","0","0","","1007.8","2","22","2","흐림(운량:8-10)","2","","","NE ","2","FOREL-ULE SCALE III","2","19.9","2","91%-100%","2","Altostratus","2","Calm-ripples ","2","","","0.3- 1.5 ","2","NE ","2"
"정선해양관측","207-02","1968-07-04 17:00:00","129.1867","34.96","0","0","","1008.1","2","20.9","2","흐림(운량:8-10)","2","","","SSE","2","FOREL-ULE SCALE III","2","","","91%-100%","2","Stratocumulus","2","Smooth-wavelets ","2","","","3.4- 5.4 ","2","SSE","2"
"정선해양관측","207-02","1968-08-14 11:02:00","129.1867","34.96","0","0","","1012.9","2","25.2","2","흐림(운량:8-10)","2","Very Low","2","NE ","2","FOREL-ULE SCALE III","2","24.7","2","91%-100%","2","Altostratus","2","Slight ","2","NE ","2","1.6- 3.3 ","2","NE ","2"
"정선해양관측","207-02","1968-09-12 17:15:00","129.1867","34.96","0","0","","1012.1","2","23.1","2","흐림(운량:8-10)","2","Very Low","2","NE ","2","FOREL-ULE SCALE III","2","","","91%-100%","2","Nimbostratus","2","Smooth-wavelets ","2","NE ","2","0.3- 1.5 ","2","N  ","2"
"정선해양관측","207-02","1968-10-12 06:55:00","129.1867","34.96","0","0","","1022.2","2","18.4","2","개임(운량:3-7)","2","Low","2","NE ","2","","","18.2","2","71%-80%","2","Altostratus","2","Calm-ripples ","2","NNE","2","3.4- 5.4 ","2","N  ","2"
"정선해양관측","207-02","1968-11-07 15:45:00","129.1867","34.96","0","0","","1020","2","17.2","2","쾌청(운량:0-2)","2","Very Low","2","SE ","2","","","","","","","","","Calm-ripples ","2","SE ","2","0 - 0.2 ","2","SE ","2"
"정선해양관측","207-02","1968-12-12 04:20:00","129.1867","34.96","0","0","","1015","2","14.8","2","흐림(운량:8-10)","2","Very Low","2","NW ","2","","","14.6","2","91%-100%","2","Cirrus","2","Smooth-wavelets ","2","NW ","2","1.6- 3.3 ","2","NW ","2"
"정선해양관측","207-03","1968-01-12 08:40:00","129.2567","34.8983","0","0","","1026","2","6.7","2","쾌청(운량:0-2)","2","Very Low","2","SW ","2","FOREL-ULE SCALE V","2","","","1%-10%","2","","","Slight ","2","SW ","2","5.5- 7.9 ","2","SW ","2"
"정선해양관측","207-03","1968-02-17 10:10:00","129.2567","34.8983","0","0","","1025","2","8.1","2","","","Low","2","","","FOREL-ULE SCALE VI","2","0.2","2","","","","","","","NW ","2","0.3- 1.5 ","2","NW ","2"
"정선해양관측","207-03","1968-04-25 15:50:00","129.2567","34.8983","0","0","","1017","2","15.7","2","흐림(운량:8-10)","2","Low","2","SW ","2","FOREL-ULE SCALE III","2","14.9","2","91%-100%","2","Cirrostratus","2","Slight ","2","SW ","2","1.6- 3.3 ","2","SW ","2"
"정선해양관측","207-03","1968-06-13 13:05:00","129.2567","34.8983","0","0","","1008.1","2","21.7","2","흐림(운량:8-10)","2","","","NE ","2","FOREL-ULE SCALE II","2","21.2","2","91%-100%","2","Altostratus","2","Calm-ripples ","2","","","0.3- 1.5 ","2","NE ","2"
"정선해양관측","207-03","1968-07-04 17:50:00","129.2567","34.8983","0","0","","1008.2","2","20.9","2","흐림(운량:8-10)","2","","","SSE","2","FOREL-ULE SCALE III","2","","","71%-80%","2","Altocumulus","2","Smooth-wavelets ","2","","","3.4- 5.4 ","2","SSE","2"
"정선해양관측","207-03","1968-08-14 12:15:00","129.2567","34.8983","0","0","","1012.6","2","26.2","2","흐림(운량:8-10)","2","Very Low","2","NE ","2","FOREL-ULE SCALE III","2","25.4","2","91%-100%","2","Altostratus","2","Slight ","2","NE ","2","1.6- 3.3 ","2","NE ","2"
"정선해양관측","207-03","1968-09-12 16:30:00","129.2567","34.8983","0","0","","1011.9","2","24","2","흐림(운량:8-10)","2","Very Low","2","NE ","2","FOREL-ULE SCALE III","2","","","91%-100%","2","Nimbostratus","2","Calm-ripples ","2","NE ","2","0 - 0.2 ","2","NE ","2"
"정선해양관측","207-03","1968-10-12 05:55:00","129.2567","34.8983","0","0","","1022.1","2","18.8","2","흐림(운량:8-10)","2","Low","2","NE ","2","","","18.6","2","91%-100%","2","Cumulonimbus","2","Calm-ripples ","2","NE ","2","1.6- 3.3 ","2","NE ","2"
"정선해양관측","207-03","1968-11-07 16:40:00","129.2567","34.8983","0","0","","1020","2","18.9","2","쾌청(운량:0-2)","2","Very Low","2","SE ","2","FOREL-ULE SCALE IX","2","","","","","","","Calm-ripples ","2","SE ","2","0 - 0.2 ","2","SE ","2"
"정선해양관측","207-03","1968-12-12 03:20:00","129.2567","34.8983","0","0","","1015","2","14.8","2","비","2","Very Low","2","NW ","2","","","14.2","2","51%-60%","2","Cirrus","2","Smooth-wavelets ","2","NW ","2","1.6- 3.3 ","2","NW ","2"
"정선해양관측","207-04","1968-01-12 07:40:00","129.325","34.8367","0","0","","1026.1","2","6.4","2","쾌청(운량:0-2)","2","Very Low","2","SW ","2","FOREL-ULE SCALE V","2","","","11%-20%","2","","","Slight ","2","SW ","2","5.5- 7.9 ","2","SW ","2"
"정선해양관측","207-04","1968-02-17 11:30:00","129.325","34.8367","0","0","","1025","2","9.3","2","쾌청(운량:0-2)","2","","","","","FOREL-ULE SCALE IV","2","","","1%-10%","2","Cumulus","2","","","","","0 - 0.2 ","2","NW ","2"
"정선해양관측","207-04","1968-04-25 16:50:00","129.325","34.8367","0","0","","1016.1","2","15.4","2","흐림(운량:8-10)","2","Low","2","SW ","2","FOREL-ULE SCALE III","2","15","2","91%-100%","2","Cirrostratus","2","Slight ","2","SW ","2","1.6- 3.3 ","2","S  ","2"
"정선해양관측","207-04","1968-06-13 13:50:00","129.325","34.8367","0","0","","1007.9","2","21.8","2","흐림(운량:8-10)","2","","","NE ","2","FOREL-ULE SCALE III","2","21.6","2","91%-100%","2","Altostratus","2","Calm-ripples ","2","","","3.4- 5.4 ","2","NE ","2"
"정선해양관측","207-04","1968-07-04 18:35:00","129.325","34.8367","0","0","","1008","2","20.9","2","흐림(운량:8-10)","2","","","SSE","2","FOREL-ULE SCALE III","2","","","91%-100%","2","Altocumulus","2","Smooth-wavelets ","2","","","3.4- 5.4 ","2","SSE","2"
"정선해양관측","207-04","1968-08-14 13:25:00","129.325","34.8367","0","0","","1012","2","26.4","2","개임(운량:3-7)","2","Very Low","2","NE ","2","FOREL-ULE SCALE III","2","25.4","2","51%-60%","2","Altocumulus","2","Slight ","2","NE ","2","1.6- 3.3 ","2","NE ","2"
"정선해양관측","207-04","1968-09-12 15:25:00","129.325","34.8367","0","0","","1012.1","2","25","2","흐림(운량:8-10)","2","Very Low","2","NE ","2","FOREL-ULE SCALE IV","2","","","91%-100%","2","Stratocumulus","2","Calm-ripples ","2","NE ","2","0 - 0.2 ","2","E  ","2"
"정선해양관측","207-04","1968-10-12 04:25:00","129.325","34.8367","0","0","","1021.6","2","19.1","2","흐림(운량:8-10)","2","Low","2","NE ","2","","","19","2","91%-100%","2","Altostratus","2","Smooth-wavelets ","2","NE ","2","1.6- 3.3 ","2","NE ","2"
"정선해양관측","207-04","1968-11-07 17:25:00","129.325","34.8367","0","0","","1020.6","2","16.2","2","쾌청(운량:0-2)","2","Very Low","2","S  ","2","","","","","1%-10%","2","Cirrus","2","Smooth-wavelets ","2","S  ","2","0.3- 1.5 ","2","S  ","2"
"정선해양관측","207-04","1968-12-12 02:10:00","129.325","34.8367","0","0","","1015.9","2","16.2","2","비","2","Low","2","NW ","2","","","15.9","2","51%-60%","2","Cirrus","2","Slight ","2","NW ","2","0.3- 1.5 ","2","NW ","2"
"정선해양관측","207-05","1968-01-12 06:50:00","129.3633","34.8","0","0","","1025.6","2","6.6","2","쾌청(운량:0-2)","2","Very Low","2","SW ","2","","","","","11%-20%","2","","","Slight ","2","SW ","2","5.5- 7.9 ","2","SW ","2"
"정선해양관측","207-05","1968-02-17 12:50:00","129.3633","34.8","0","0","","1024.5","2","8.6","2","쾌청(운량:0-2)","2","Low","2","","","FOREL-ULE SCALE V","2","","","11%-20%","2","Cirrus","2","","","NW ","2","0.3- 1.5 ","2","NW ","2"
"정선해양관측","207-05","1968-04-25 17:50:00","129.3633","34.8","0","0","","1015","2","16.4","2","흐림(운량:8-10)","2","Low","2","SW ","2","FOREL-ULE SCALE III","2","","","91%-100%","2","Cirrostratus","2","Smooth-wavelets ","2","SW ","2","0.3- 1.5 ","2","SW ","2"
"정선해양관측","207-05","1968-06-13 14:40:00","129.3633","34.8","0","0","","1007.6","2","20.9","2","흐림(운량:8-10)","2","","","NE ","2","FOREL-ULE SCALE III","2","20.2","2","91%-100%","2","Altostratus","2","Calm-ripples ","2","","","0.3- 1.5 ","2","NE ","2"
"정선해양관측","207-05","1968-07-04 19:20:00","129.3633","34.8","0","0","","1008","2","20.8","2","흐림(운량:8-10)","2","Very Low","2","SSE","2","","","","","91%-100%","2","Stratocumulus","2","Smooth-wavelets ","2","SSE","2","3.4- 5.4 ","2","SSE","2"
"정선해양관측","207-05","1968-08-14 15:00:00","129.3633","34.8","0","0","","1012","2","26.4","2","개임(운량:3-7)","2","Very Low","2","NE ","2","FOREL-ULE SCALE III","2","25.4","2","51%-60%","2","Cirrus","2","Slight ","2","NE ","2","1.6- 3.3 ","2","NE ","2"
"정선해양관측","207-05","1968-09-12 13:45:00","129.3633","34.8","0","0","","1012.1","2","25.2","2","흐림(운량:8-10)","2","Very Low","2","S  ","2","FOREL-ULE SCALE IV","2","","","91%-100%","2","Nimbostratus","2","Calm-ripples ","2","S  ","2","0 - 0.2 ","2","SE ","2"
"정선해양관측","207-05","1968-10-12 04:10:00","129.3633","34.8","0","0","","1021.6","2","19.8","2","흐림(운량:8-10)","2","Low","2","E  ","2","","","19.6","2","71%-80%","2","Altostratus","2","Smooth-wavelets ","2","E  ","2","3.4- 5.4 ","2","NE ","2"
"정선해양관측","207-05","1968-11-07 18:50:00","129.3633","34.8","0","0","","1021.6","2","15.8","2","쾌청(운량:0-2)","2","Very Low","2","S  ","2","","","","","","","","","Smooth-wavelets ","2","S  ","2","0.3- 1.5 ","2","S  ","2"
"정선해양관측","207-05","1968-12-12 01:30:00","129.3633","34.8","0","0","","1016","2","16.2","2","개임(운량:3-7)","2","Low","2","NW ","2","","","15.8","2","31%-40%","2","Altostratus","2","Slight ","2","NW ","2","0.3- 1.5 ","2","NW ","2"
"정선해양관측","207-06","1968-08-14 16:10:00","129.43","34.74","0","0","","1011.6","2","26.2","2","개임(운량:3-7)","2","Very Low","2","NE ","2","FOREL-ULE SCALE IV","2","25","2","41%-50%","2","Cirrus","2","Moderate ","2","NE ","2","3.4- 5.4 ","2","NE ","2"
"정선해양관측","207-07","1968-01-12 04:15:00","129.6217","34.6433","0","0","","1025.1","2","7.2","2","개임(운량:3-7)","2","Very Low","2","SW ","2","","","","","21%-30%","2","Altostratus","2","Slight ","2","","","5.5- 7.9 ","2","SW ","2"
"정선해양관측","207-07","1968-02-17 15:30:00","129.6217","34.6433","0","0","","1023","2","8","2","쾌청(운량:0-2)","2","Very Low","2","","","FOREL-ULE SCALE IV","2","","","11%-20%","2","Cirrus","2","","","E  ","2","0 - 0.2 ","2","E  ","2"
"정선해양관측","207-07","1968-04-25 20:05:00","129.6217","34.6433","0","0","","1016.3","2","16.3","2","쾌청(운량:0-2)","2","Low","2","SW ","2","","","16","2","11%-20%","2","Cirrostratus","2","Smooth-wavelets ","2","SW ","2","0.3- 1.5 ","2","SW ","2"
"정선해양관측","207-07","1968-06-13 16:40:00","129.6217","34.6433","0","0","","1007.9","2","","","흐림(운량:8-10)","2","","","N  ","2","FOREL-ULE SCALE III","2","","","91%-100%","2","Altostratus","2","Calm-ripples ","2","","","5.5- 7.9 ","2","N  ","2"
"정선해양관측","207-07","1968-08-14 18:30:00","129.6217","34.6433","0","0","","1011.6","2","26","2","흐림(운량:8-10)","2","Very Low","2","NE ","2","","","24.8","2","71%-80%","2","Cirrus","2","Moderate ","2","NE ","2","3.4- 5.4 ","2","NE ","2"
"정선해양관측","207-07","1968-10-17 09:00:00","129.6217","34.6433","0","0","","1015.4","2","23.8","2","쾌청(운량:0-2)","2","Very Low","2","NNW","2","FOREL-ULE SCALE IV","2","22.4","2","11%-20%","2","Cirrus","2","Calm-ripples ","2","NNW","2","1.6- 3.3 ","2","NW ","2"
"정선해양관측","207-08","1968-01-12 02:55:00","129.7983","34.56","0","0","","1025.3","2","7","2","개임(운량:3-7)","2","Low","2","SW ","2","","","","","31%-40%","2","Altostratus","2","Slight ","2","SW ","2","8.0-10.7 ","2","SW ","2"
"정선해양관측","207-08","1968-02-17 17:10:00","129.7983","34.56","0","0","","1023","2","7.8","2","개임(운량:3-7)","2","Very Low","2","","","FOREL-ULE SCALE III","2","","","21%-30%","2","Cumulus","2","","","NW ","2","0 - 0.2 ","2","NW ","2"
"정선해양관측","207-08","1968-04-25 21:35:00","129.7983","34.56","0","0","","1016.2","2","16","2","쾌청(운량:0-2)","2","Low","2","S  ","2","","","15.4","2","11%-20%","2","Cirrostratus","2","Smooth-wavelets ","2","S  ","2","0.3- 1.5 ","2","S  ","2"
"정선해양관측","207-08","1968-06-13 18:05:00","129.7983","34.56","0","0","","1008.2","2","19","2","흐림(운량:8-10)","2","","","N  ","2","FOREL-ULE SCALE III","2","18.8","2","91%-100%","2","Altocumulus","2","Calm-ripples ","2","","","0.3- 1.5 ","2","N  ","2"
"정선해양관측","207-08","1968-08-14 20:15:00","129.7983","34.56","0","0","","1011.4","2","25.8","2","흐림(운량:8-10)","2","Very Low","2","NE ","2","","","25","2","71%-80%","2","Cirrus","2","Moderate ","2","NE ","2","3.4- 5.4 ","2","NE ","2"
"정선해양관측","207-08","1968-10-17 07:30:00","129.7983","34.56","0","0","","1015","2","21.5","2","쾌청(운량:0-2)","2","Very Low","2","NNW","2","FOREL-ULE SCALE IV","2","18.9","2","11%-20%","2","Cirrus","2","Calm-ripples ","2","NNW","2","1.6- 3.3 ","2","NW ","2"
"정선해양관측","207-09","1968-01-12 01:50:00","129.9733","34.4767","0","0","","1025.4","2","8.4","2","흐림(운량:8-10)","2","Low","2","SW ","2","","","","","71%-80%","2","Altostratus","2","Slight ","2","SW ","2","5.5- 7.9 ","2","SW ","2"
"정선해양관측","207-09","1968-02-17 18:30:00","129.9733","34.4767","0","0","","1023.5","2","7.4","2","흐림(운량:8-10)","2","Low","2","","","","","","","71%-80%","2","Altostratus","2","","","SE ","2","0.3- 1.5 ","2","SE ","2"
"정선해양관측","207-09","1968-04-25 22:50:00","129.9733","34.4767","0","0","","1016.2","2","16.2","2","쾌청(운량:0-2)","2","Low","2","S  ","2","","","16","2","11%-20%","2","Cirrostratus","2","Slight ","2","S  ","2","1.6- 3.3 ","2","S  ","2"
"정선해양관측","207-09","1968-06-13 19:20:00","129.9733","34.4767","0","0","","1008.4","2","18.8","2","흐림(운량:8-10)","2","","","N  ","2","","","18.4","2","91%-100%","2","Altostratus","2","Calm-ripples ","2","","","5.5- 7.9 ","2","E  ","2"
"정선해양관측","207-09","1968-08-14 22:10:00","129.9733","34.4767","0","0","","1011.4","2","25.8","2","흐림(운량:8-10)","2","Very Low","2","NE ","2","","","24.6","2","71%-80%","2","Cirrus","2","Smooth-wavelets ","2","NE ","2","0.3- 1.5 ","2","NE ","2"
"정선해양관측","207-09","1968-10-17 05:30:00","129.9733","34.4767","0","0","","1015","2","19","2","개임(운량:3-7)","2","Very Low","2","NW ","2","","","16.5","2","31%-40%","2","Cirrocumulus","2","Calm-ripples ","2","NW ","2","3.4- 5.4 ","2","NW ","2"
"정선해양관측","207-10","1968-01-12 00:30:00","130.145","34.395","0","0","","1025","2","8.4","2","개임(운량:3-7)","2","Low","2","SW ","2","","","","","61%-70%","2","Altostratus","2","Slight ","2","SW ","2","5.5- 7.9 ","2","SW ","2"
"정선해양관측","207-10","1968-02-17 20:00:00","130.145","34.395","0","0","","1024","2","7.3","2","쾌청(운량:0-2)","2","Low","2","S  ","2","","","","","Zero","2","","","Calm-ripples ","2","S  ","2","0.3- 1.5 ","2","S  ","2"
"정선해양관측","207-10","1968-04-26 00:20:00","130.145","34.395","0","0","","1017.3","2","16.8","2","쾌청(운량:0-2)","2","Low","2","S  ","2","","","16.2","2","11%-20%","2","Cirrostratus","2","Smooth-wavelets ","2","S  ","2","0.3- 1.5 ","2","S  ","2"
"정선해양관측","207-10","1968-06-13 20:45:00","130.145","34.395","0","0","","1008.9","2","18.7","2","흐림(운량:8-10)","2","","","E  ","2","","","18.4","2","91%-100%","2","Altostratus","2","Smooth-wavelets ","2","","","3.4- 5.4 ","2","E  ","2"
"정선해양관측","207-10","1968-08-14 23:55:00","130.145","34.395","0","0","","1010.6","2","25.4","2","흐림(운량:8-10)","2","Very Low","2","NE ","2","","","24.4","2","71%-80%","2","Cirrus","2","Moderate ","2","NE ","2","3.4- 5.4 ","2","NE ","2"
"정선해양관측","207-10","1968-10-17 04:13:00","130.145","34.395","0","0","","1015","2","20.2","2","개임(운량:3-7)","2","Very Low","2","NW ","2","","","17.2","2","31%-40%","2","Cirrocumulus","2","Smooth-wavelets ","2","NW ","2","5.5- 7.9 ","2","NW ","2"
"정선해양관측","207-11","1968-01-11 23:10:00","130.3217","34.31","0","0","","1025.3","2","8.3","2","개임(운량:3-7)","2","Low","2","SW ","2","","","","","61%-70%","2","Altostratus","2","Slight ","2","SW ","2","8.0-10.7 ","2","SW ","2"
"정선해양관측","207-11","1968-02-17 21:30:00","130.3217","34.31","0","0","","1022.4","2","7.2","2","쾌청(운량:0-2)","2","Very Low","2","","","","","","","","","","","","","S  ","2","0.3- 1.5 ","2","SW ","2"
"정선해양관측","207-11","1968-04-26 01:40:00","130.3217","34.31","0","0","","1016.6","2","16.2","2","개임(운량:3-7)","2","Low","2","SW ","2","","","15.8","2","11%-20%","2","Cirrostratus","2","Calm-ripples ","2","SW ","2","0 - 0.2 ","2","SW ","2"
"정선해양관측","207-11","1968-06-13 22:00:00","130.3217","34.31","0","0","","1008.7","2","19","2","흐림(운량:8-10)","2","","","E  ","2","","","","","91%-100%","2","Altostratus","2","Smooth-wavelets ","2","","","0.3- 1.5 ","2","E  ","2"
"정선해양관측","207-11","1968-08-15 01:20:00","130.3217","34.31","0","0","","1010.4","2","25.4","2","흐림(운량:8-10)","2","Very Low","2","NE ","2","","","24.4","2","71%-80%","2","Cirrus","2","Moderate ","2","NE ","2","3.4- 5.4 ","2","NE ","2"
"정선해양관측","207-11","1968-10-17 00:20:00","130.3217","34.31","0","0","","1016.2","2","19","2","개임(운량:3-7)","2","Very Low","2","NE ","2","","","16.8","2","31%-40%","2","Cirrocumulus","2","Calm-ripples ","2","NE ","2","0.3- 1.5 ","2","NE ","2"
"정선해양관측","207-12","1968-01-11 22:05:00","130.495","34.23","0","0","","1025.1","2","10.2","2","흐림(운량:8-10)","2","Low","2","SW ","2","","","","","71%-80%","2","Altostratus","2","Smooth-wavelets ","2","SW ","2","5.5- 7.9 ","2","SW ","2"
"정선해양관측","207-12","1968-02-17 23:15:00","130.495","34.23","0","0","","1024","2","7.1","2","개임(운량:3-7)","2","Very Low","2","","","","","","","31%-40%","2","Altostratus","2","","","S  ","2","0.3- 1.5 ","2","S  ","2"
"정선해양관측","207-12","1968-04-26 03:00:00","130.495","34.23","0","0","","1016","2","16.2","2","개임(운량:3-7)","2","Low","2","SW ","2","","","15.9","2","21%-30%","2","","","Calm-ripples ","2","SW ","2","0 - 0.2 ","2","SW ","2"
"정선해양관측","207-12","1968-06-13 23:35:00","130.495","34.23","0","0","","1009.9","2","19.2","2","흐림(운량:8-10)","2","","","E  ","2","","","","","91%-100%","2","Altostratus","2","Smooth-wavelets ","2","","","0.3- 1.5 ","2","E  ","2"
"정선해양관측","207-12","1968-08-15 02:45:00","130.495","34.23","0","0","","1010","2","25.4","2","흐림(운량:8-10)","2","Very Low","2","NE ","2","","","24.4","2","71%-80%","2","Cirrus","2","Moderate ","2","NE ","2","3.4- 5.4 ","2","NE ","2"
"정선해양관측","207-12","1968-10-17 01:50:00","130.495","34.23","0","0","","1016.1","2","18.4","2","개임(운량:3-7)","2","Very Low","2","SE ","2","","","16.4","2","31%-40%","2","Cirrocumulus","2","Calm-ripples ","2","SE ","2","1.6- 3.3 ","2","SE ","2"
"정선해양관측","207-13","1968-02-18 00:40:00","130.6717","34.15","0","0","","1024","2","7","2","쾌청(운량:0-2)","2","Low","2","SE ","2","","","","","","","","","Calm-ripples ","2","SE ","2","1.6- 3.3 ","2","SE ","2"
"정선해양관측","207-13","1968-08-15 04:05:00","130.6717","34.15","0","0","","1010.4","2","25.6","2","흐림(운량:8-10)","2","Very Low","2","NE ","2","","","24.8","2","71%-80%","2","Cirrus","2","Moderate ","2","NE ","2","3.4- 5.4 ","2","NE ","2"
"정선해양관측","208-01","1968-01-18 13:40:00","129.455","35.475","0","0","","1025.2","2","4.6","2","쾌청(운량:0-2)","2","Very Low","2","NNW","2","FOREL-ULE SCALE V","2","","","","","Cirrus","2","Smooth-wavelets ","2","NNW","2","5.5- 7.9 ","2","NNW","2"
"정선해양관측","208-01","1968-02-18 17:50:00","129.455","35.475","0","0","","1014","2","7.9","2","쾌청(운량:0-2)","2","Low","2","SW ","2","","","","","11%-20%","2","Cirrus","2","Moderate ","2","SW ","2","3.4- 5.4 ","2","SW ","2"
"정선해양관측","208-01","1968-05-09 06:50:00","129.455","35.475","0","0","","1015.7","2","14.5","2","개임(운량:3-7)","2","Very Low","2","","","FOREL-ULE SCALE VI","2","14","2","21%-30%","2","Stratus","2","","","NW ","2","0 - 0.2 ","2","NW ","2"
"정선해양관측","208-01","1968-06-14 15:35:00","129.455","35.475","0","0","","1008.8","2","16.4","2","흐림(운량:8-10)","2","Very Low","2","SE ","2","FOREL-ULE SCALE VI","2","15.4","2","71%-80%","2","Cirrus","2","Smooth-wavelets ","2","SE ","2","3.4- 5.4 ","2","SE ","2"
"정선해양관측","208-01","1968-07-05 15:50:00","129.455","35.475","0","0","","1008","2","18.9","2","비","2","Very Low","2","SSE","2","","","","","91%-100%","2","Nimbostratus","2","Smooth-wavelets ","2","SSE","2","3.4- 5.4 ","2","SSE","2"
"정선해양관측","208-01","1968-08-22 13:30:00","129.455","35.475","0","0","","1008","2","27.9","2","흐림(운량:8-10)","2","Low","2","SW ","2","","","","","91%-100%","2","Nimbostratus","2","Calm-ripples ","2","SW ","2","0 - 0.2 ","2","S  ","2"
"정선해양관측","208-01","1968-10-15 07:30:00","129.455","35.475","0","0","","1020","2","16.3","2","개임(운량:3-7)","2","Very Low","2","N  ","2","FOREL-ULE SCALE III","2","14.6","2","41%-50%","2","Altostratus","2","Calm-ripples ","2","N  ","2","0.3- 1.5 ","2","N  ","2"
"정선해양관측","208-01","1968-12-14 09:25:00","129.455","35.475","0","0","","1016","2","8","2","비","2","Low","2","NW ","2","FOREL-ULE SCALE IV","2","7.2","2","91%-100%","2","Stratus","2","Calm-ripples ","2","NW ","2","3.4- 5.4 ","2","NW ","2"
"정선해양관측","208-02","1968-01-18 21:55:00","129.5633","35.405","0","0","","1026.5","2","3.4","2","쾌청(운량:0-2)","2","Low","2","NNW","2","","","","","","","Cirrus","2","Moderate ","2","NNW","2","0 - 0.2 ","2","NNW","2"
"정선해양관측","208-02","1968-02-18 16:00:00","129.5633","35.405","0","0","","1015","2","8.9","2","흐림(운량:8-10)","2","Low","2","SW ","2","FOREL-ULE SCALE III","2","","","91%-100%","2","Altostratus","2","Moderate ","2","SW ","2","8.0-10.7 ","2","SW ","2"
"정선해양관측","208-02","1968-05-09 07:40:00","129.5633","35.405","0","0","","1015.5","2","17.9","2","개임(운량:3-7)","2","Very Low","2","","","FOREL-ULE SCALE V","2","16.8","2","21%-30%","2","Stratus","2","","","NW ","2","0 - 0.2 ","2","NW ","2"
"정선해양관측","208-02","1968-06-14 13:50:00","129.5633","35.405","0","0","","1009.2","2","22.4","2","흐림(운량:8-10)","2","Very Low","2","SE ","2","FOREL-ULE SCALE II","2","21.2","2","71%-80%","2","Cirrus","2","Smooth-wavelets ","2","SE ","2","3.4- 5.4 ","2","SE ","2"
"정선해양관측","208-02","1968-07-05 00:15:00","129.5633","35.405","0","0","","1007.8","2","20.3","2","흐림(운량:8-10)","2","Very Low","2","E  ","2","","","","","91%-100%","2","Stratocumulus","2","Smooth-wavelets ","2","E  ","2","3.4- 5.4 ","2","E  ","2"
"정선해양관측","208-02","1968-08-22 12:15:00","129.5633","35.405","0","0","","1008","2","27.6","2","흐림(운량:8-10)","2","Low","2","S  ","2","FOREL-ULE SCALE IV","2","","","81%-90%","2","Nimbostratus","2","Slight ","2","S  ","2","1.6- 3.3 ","2","SE ","2"
"정선해양관측","208-02","1968-10-15 08:55:00","129.5633","35.405","0","0","","1020.4","2","20.7","2","개임(운량:3-7)","2","Low","2","N  ","2","FOREL-ULE SCALE II","2","19","2","31%-40%","2","Cirrus","2","Smooth-wavelets ","2","NE ","2","1.6- 3.3 ","2","N  ","2"
"정선해양관측","208-02","1968-12-18 13:50:00","129.5633","35.405","0","0","","1016.5","2","12","2","비","2","Low","2","NE ","2","FOREL-ULE SCALE IV","2","11.4","2","91%-100%","2","Altocumulus","2","Calm-ripples ","2","NE ","2","3.4- 5.4 ","2","NE ","2"
"정선해양관측","208-03","1968-01-22 08:48:00","129.715","35.2967","0","0","","1021.9","2","2","2","쾌청(운량:0-2)","2","Low","2","NW ","2","FOREL-ULE SCALE V","2","","","1%-10%","2","Altostratus","2","Moderate ","2","NW ","2","8.0-10.7 ","2","NW ","2"
"정선해양관측","208-03","1968-02-18 14:20:00","129.715","35.2967","0","0","","1016","2","8.1","2","흐림(운량:8-10)","2","Low","2","NE ","2","FOREL-ULE SCALE II","2","","","81%-90%","2","Nimbostratus","2","Moderate ","2","NE ","2","3.4- 5.4 ","2","SW ","2"
"정선해양관측","208-03","1968-05-09 08:40:00","129.715","35.2967","0","0","","1015.7","2","16.7","2","개임(운량:3-7)","2","Very Low","2","","","FOREL-ULE SCALE V","2","16","2","21%-30%","2","Stratus","2","","","NW ","2","0 - 0.2 ","2","NW ","2"
"정선해양관측","208-03","1968-06-14 12:15:00","129.715","35.2967","0","0","","1009.4","2","25.2","2","흐림(운량:8-10)","2","Very Low","2","SE ","2","FOREL-ULE SCALE III","2","24","2","81%-90%","2","Cirrus","2","Smooth-wavelets ","2","SE ","2","3.4- 5.4 ","2","SE ","2"
"정선해양관측","208-03","1968-07-05 01:15:00","129.715","35.2967","0","0","","1007.5","2","20.4","2","흐림(운량:8-10)","2","Very Low","2","S  ","2","","","","","91%-100%","2","Stratocumulus","2","Smooth-wavelets ","2","S  ","2","3.4- 5.4 ","2","S  ","2"
"정선해양관측","208-03","1968-08-22 10:30:00","129.715","35.2967","0","0","","1009","2","28.2","2","흐림(운량:8-10)","2","Low","2","E  ","2","FOREL-ULE SCALE IV","2","","","71%-80%","2","Altostratus","2","Slight ","2","E  ","2","1.6- 3.3 ","2","E  ","2"
"정선해양관측","208-03","1968-10-16 16:25:00","129.715","35.2967","0","0","","1017.9","2","20.8","2","개임(운량:3-7)","2","Low","2","W  ","2","FOREL-ULE SCALE III","2","20.7","2","61%-70%","2","Cumulonimbus","2","Smooth-wavelets ","2","W  ","2","0.3- 1.5 ","2","W  ","2"
"정선해양관측","208-03","1968-12-18 12:30:00","129.715","35.2967","0","0","","1017.3","2","12.3","2","흐림(운량:8-10)","2","Very Low","2","NE ","2","FOREL-ULE SCALE III","2","11.8","2","91%-100%","2","Altocumulus","2","Calm-ripples ","2","NE ","2","3.4- 5.4 ","2","NE ","2"
"정선해양관측","208-04","1968-01-22 10:26:00","129.8783","35.185","0","0","","1022.2","2","3.2","2","개임(운량:3-7)","2","Low","2","NW ","2","FOREL-ULE SCALE V","2","","","31%-40%","2","Altostratus","2","Moderate ","2","NW ","2","8.0-10.7 ","2","NW ","2"
"정선해양관측","208-04","1968-02-18 12:40:00","129.8783","35.185","0","0","","1019","2","8.8","2","흐림(운량:8-10)","2","Low","2","SW ","2","FOREL-ULE SCALE V","2","","","91%-100%","2","Altostratus","2","Moderate ","2","SW ","2","3.4- 5.4 ","2","SW ","2"
"정선해양관측","208-04","1968-04-26 13:50:00","129.8783","35.185","0","0","","1017","2","","","비","2","Low","2","NE ","2","","","","","91%-100%","2","Nimbostratus","2","Slight ","2","NE ","2","1.6- 3.3 ","2","NE ","2"
"정선해양관측","208-04","1968-06-14 11:00:00","129.8783","35.185","0","0","","1010.2","2","23.8","2","개임(운량:3-7)","2","Very Low","2","SE ","2","FOREL-ULE SCALE III","2","22.8","2","61%-70%","2","Cirrus","2","Smooth-wavelets ","2","SE ","2","3.4- 5.4 ","2","SE ","2"
"정선해양관측","208-04","1968-07-05 02:45:00","129.8783","35.185","0","0","","1006.9","2","20.4","2","흐림(운량:8-10)","2","Very Low","2","S  ","2","","","","","71%-80%","2","Altocumulus","2","Smooth-wavelets ","2","S  ","2","3.4- 5.4 ","2","S  ","2"
"정선해양관측","208-04","1968-08-22 09:20:00","129.8783","35.185","0","0","","1008","2","26.8","2","흐림(운량:8-10)","2","Low","2","E  ","2","FOREL-ULE SCALE IV","2","","","61%-70%","2","Stratocumulus","2","Smooth-wavelets ","2","E  ","2","1.6- 3.3 ","2","E  ","2"
"정선해양관측","208-04","1968-10-16 15:10:00","129.8783","35.185","0","0","","1017.9","2","19.9","2","흐림(운량:8-10)","2","Low","2","E  ","2","FOREL-ULE SCALE III","2","19.8","2","71%-80%","2","Cumulonimbus","2","Smooth-wavelets ","2","E  ","2","1.6- 3.3 ","2","E  ","2"
"정선해양관측","208-04","1968-12-18 11:10:00","129.8783","35.185","0","0","","1019.2","2","12.8","2","흐림(운량:8-10)","2","Very Low","2","NE ","2","FOREL-ULE SCALE III","2","12","2","91%-100%","2","Altocumulus","2","Calm-ripples ","2","NE ","2","1.6- 3.3 ","2","NE ","2"
"정선해양관측","208-05","1968-01-22 11:40:00","130.033","35.08","0","0","","1021.2","2","4.9","2","개임(운량:3-7)","2","Low","2","NW ","2","FOREL-ULE SCALE V","2","","","51%-60%","2","Altostratus","2","Moderate ","2","NW ","2","5.5- 7.9 ","2","NW ","2"
"정선해양관측","208-05","1968-02-18 11:10:00","130.033","35.08","0","0","","1020","2","7.6","2","비","2","Low","2","S  ","2","FOREL-ULE SCALE IV","2","","","","","","","Moderate ","2","S  ","2","3.4- 5.4 ","2","S  ","2"
"정선해양관측","208-05","1968-04-26 12:15:00","130.033","35.08","0","0","","1017.4","2","","","비","2","Low","2","N  ","2","","","","","91%-100%","2","Nimbostratus","2","Slight ","2","N  ","2","1.6- 3.3 ","2","N  ","2"
"정선해양관측","208-05","1968-06-14 09:25:00","130.033","35.08","0","0","","1009.5","2","21.1","2","흐림(운량:8-10)","2","Very Low","2","SE ","2","FOREL-ULE SCALE II","2","20.9","2","71%-80%","2","Cirrus","2","Smooth-wavelets ","2","SE ","2","3.4- 5.4 ","2","SE ","2"
"정선해양관측","208-05","1968-07-05 05:04:00","130.033","35.08","0","0","","1006.4","2","20.5","2","","","Very Low","2","ESE","2","","","","","71%-80%","2","Altocumulus","2","Smooth-wavelets ","2","ESE","2","3.4- 5.4 ","2","ESE","2"
"정선해양관측","208-05","1968-08-22 08:00:00","130.033","35.08","0","0","","1008.2","2","26.4","2","흐림(운량:8-10)","2","Low","2","SE ","2","FOREL-ULE SCALE IV","2","26.1","2","71%-80%","2","Cumulonimbus","2","Calm-ripples ","2","SE ","2","1.6- 3.3 ","2","SE ","2"
"정선해양관측","208-05","1968-10-16 13:45:00","130.033","35.08","0","0","","1018.2","2","19.1","2","흐림(운량:8-10)","2","Low","2","N  ","2","FOREL-ULE SCALE III","2","18.7","2","81%-90%","2","Nimbostratus","2","Smooth-wavelets ","2","N  ","2","3.4- 5.4 ","2","N  ","2"
"정선해양관측","208-05","1968-12-18 10:15:00","130.033","35.08","0","0","","1019.2","2","11.8","2","흐림(운량:8-10)","2","Very Low","2","NE ","2","FOREL-ULE SCALE III","2","11.2","2","81%-90%","2","Altocumulus","2","Calm-ripples ","2","NE ","2","1.6- 3.3 ","2","NE ","2"
"정선해양관측","208-06","1968-01-22 13:03:00","130.1983","34.97","0","0","","1020.7","2","5.3","2","흐림(운량:8-10)","2","Low","2","NW ","2","FOREL-ULE SCALE V","2","","","71%-80%","2","Altostratus","2","Moderate ","2","NW ","2","5.5- 7.9 ","2","NW ","2"
"정선해양관측","208-06","1968-02-18 09:50:00","130.1983","34.97","0","0","","1021","2","8.7","2","흐림(운량:8-10)","2","Low","2","N  ","2","FOREL-ULE SCALE V","2","","","91%-100%","2","Nimbostratus","2","Slight ","2","N  ","2","3.4- 5.4 ","2","S  ","2"
"정선해양관측","208-06","1968-04-26 11:00:00","130.1983","34.97","0","0","","1017","2","2.4","2","비","2","Low","2","N  ","2","","","","","91%-100%","2","Nimbostratus","2","Slight ","2","N  ","2","1.6- 3.3 ","2","N  ","2"
"정선해양관측","208-06","1968-06-14 08:10:00","130.1983","34.97","0","0","","1009.6","2","20.6","2","흐림(운량:8-10)","2","Very Low","2","E  ","2","FOREL-ULE SCALE II","2","20","2","71%-80%","2","Cirrus","2","Smooth-wavelets ","2","E  ","2","0.3- 1.5 ","2","E  ","2"
"정선해양관측","208-06","1968-08-22 06:20:00","130.1983","34.97","0","0","","1008","2","26","2","흐림(운량:8-10)","2","Low","2","S  ","2","FOREL-ULE SCALE III","2","25.8","2","71%-80%","2","Altocumulus","2","Calm-ripples ","2","S  ","2","0.3- 1.5 ","2","S  ","2"
"정선해양관측","208-06","1968-10-16 12:25:00","130.1983","34.97","0","0","","1019.1","2","19.4","2","흐림(운량:8-10)","2","Low","2","E  ","2","FOREL-ULE SCALE III","2","18.9","2","81%-90%","2","Nimbostratus","2","Smooth-wavelets ","2","E  ","2","3.4- 5.4 ","2","E  ","2"
"정선해양관측","208-06","1968-12-18 09:15:00","130.1983","34.97","0","0","","1020.1","2","12.9","2","흐림(운량:8-10)","2","Very Low","2","E  ","2","FOREL-ULE SCALE III","2","12.4","2","91%-100%","2","Altocumulus","2","Calm-ripples ","2","E  ","2","0.3- 1.5 ","2","E  ","2"
"정선해양관측","208-07","1968-01-22 14:16:00","130.3483","34.8667","0","0","","1020.9","2","5.9","2","흐림(운량:8-10)","2","Low","2","NW ","2","FOREL-ULE SCALE V","2","","","71%-80%","2","Altostratus","2","Moderate ","2","NW ","2","5.5- 7.9 ","2","NW ","2"
"정선해양관측","208-07","1968-02-18 08:05:00","130.3483","34.8667","0","0","","1021.5","2","8.5","2","흐림(운량:8-10)","2","Low","2","SE ","2","FOREL-ULE SCALE V","2","","","91%-100%","2","Nimbostratus","2","Slight ","2","SE ","2","3.4- 5.4 ","2","SE ","2"
"정선해양관측","208-07","1968-04-26 09:30:00","130.3483","34.8667","0","0","","1016.4","2","16","2","비","2","Very Low","2","N  ","2","FOREL-ULE SCALE V","2","15.4","2","91%-100%","2","Nimbostratus","2","Smooth-wavelets ","2","N  ","2","0 - 0.2 ","2","N  ","2"
"정선해양관측","208-07","1968-06-14 06:40:00","130.3483","34.8667","0","0","","1009.8","2","18.4","2","흐림(운량:8-10)","2","Very Low","2","E  ","2","FOREL-ULE SCALE II","2","18.2","2","81%-90%","2","Cirrus","2","Smooth-wavelets ","2","E  ","2","0.3- 1.5 ","2","E  ","2"
"정선해양관측","208-07","1968-08-22 05:20:00","130.3483","34.8667","0","0","","1008","2","25.8","2","흐림(운량:8-10)","2","Very Low","2","W  ","2","","","25.6","2","61%-70%","2","Altocumulus","2","Calm-ripples ","2","W  ","2","0 - 0.2 ","2","W  ","2"
"정선해양관측","208-07","1968-10-16 11:00:00","130.3483","34.8667","0","0","","1020","2","22.4","2","흐림(운량:8-10)","2","Low","2","NE ","2","FOREL-ULE SCALE III","2","20.4","2","71%-80%","2","Cumulus","2","Calm-ripples ","2","NE ","2","0.3- 1.5 ","2","NE ","2"
"정선해양관측","208-07","1968-12-18 07:50:00","130.3483","34.8667","0","0","","1020","2","11.8","2","개임(운량:3-7)","2","Very Low","2","E  ","2","FOREL-ULE SCALE III","2","11.2","2","51%-60%","2","Altostratus","2","Calm-ripples ","2","E  ","2","0.3- 1.5 ","2","E  ","2"
"정선해양관측","208-08","1968-01-22 15:25:00","130.51","34.755","0","0","","1021.3","2","5","2","흐림(운량:8-10)","2","Low","2","NW ","2","FOREL-ULE SCALE V","2","","","71%-80%","2","Altostratus","2","Moderate ","2","NW ","2","5.5- 7.9 ","2","NW ","2"
"정선해양관측","208-08","1968-02-18 06:45:00","130.51","34.755","0","0","","1021.5","2","7.8","2","흐림(운량:8-10)","2","Low","2","N  ","2","FOREL-ULE SCALE V","2","","","91%-100%","2","Altostratus","2","Smooth-wavelets ","2","N  ","2","1.6- 3.3 ","2","SSE","2"
"정선해양관측","208-08","1968-04-26 08:30:00","130.51","34.755","0","0","","1016.2","2","16.4","2","흐림(운량:8-10)","2","Very Low","2","SW ","2","","","","","91%-100%","2","Altostratus","2","Smooth-wavelets ","2","SW ","2","0.3- 1.5 ","2","SW ","2"
"정선해양관측","208-08","1968-08-22 04:00:00","130.51","34.755","0","0","","1007","2","25.9","2","쾌청(운량:0-2)","2","Low","2","E  ","2","","","","","Zero","2","","","Calm-ripples ","2","E  ","2","0.3- 1.5 ","2","NE ","2"
"정선해양관측","208-08","1968-10-16 09:25:00","130.51","34.755","0","0","","1019.7","2","23.6","2","개임(운량:3-7)","2","Very Low","2","NW ","2","FOREL-ULE SCALE III","2","20.7","2","61%-70%","2","Altostratus","2","Calm-ripples ","2","NW ","2","0.3- 1.5 ","2","NW ","2"
"정선해양관측","208-08","1968-12-18 05:50:00","130.51","34.755","0","0","","1019.5","2","11.8","2","흐림(운량:8-10)","2","Low","2","NW ","2","","","10.8","2","81%-90%","2","Stratus","2","Calm-ripples ","2","NW ","2","3.4- 5.4 ","2","W  ","2"
"정선해양관측","208-09","1968-01-22 16:35:00","130.675","34.6483","0","0","","1021.3","2","3.2","2","흐림(운량:8-10)","2","Low","2","NW ","2","FOREL-ULE SCALE V","2","","","71%-80%","2","Altostratus","2","Moderate ","2","NW ","2","5.5- 7.9 ","2","NW ","2"
"정선해양관측","208-09","1968-02-18 05:00:00","130.675","34.6483","0","0","","1024","2","1.2","2","쾌청(운량:0-2)","2","","","SE ","2","","","","","","","","","Calm-ripples ","2","","","1.6- 3.3 ","2","SE ","2"
"정선해양관측","208-09","1968-04-26 07:05:00","130.675","34.6483","0","0","","1016","2","16.2","2","흐림(운량:8-10)","2","Low","2","SW ","2","","","16","2","91%-100%","2","Altostratus","2","Smooth-wavelets ","2","SW ","2","0.3- 1.5 ","2","SW ","2"
"정선해양관측","208-09","1968-06-14 03:45:00","130.675","34.6483","0","0","","1009.4","2","18.2","2","개임(운량:3-7)","2","","","E  ","2","","","18","2","61%-70%","2","Altostratus","2","Smooth-wavelets ","2","","","0.3- 1.5 ","2","E  ","2"
"정선해양관측","208-09","1968-08-22 02:55:00","130.675","34.6483","0","0","","1007","2","25.4","2","쾌청(운량:0-2)","2","Low","2","S  ","2","","","25.2","2","Zero","2","","","Calm-ripples ","2","S  ","2","0 - 0.2 ","2","SE ","2"
"정선해양관측","208-09","1968-10-16 08:00:00","130.675","34.6483","0","0","","1019.4","2","20.4","2","흐림(운량:8-10)","2","Very Low","2","NW ","2","FOREL-ULE SCALE III","2","","","81%-90%","2","Cumulus","2","Calm-ripples ","2","NW ","2","0 - 0.2 ","2","NW ","2"
"정선해양관측","208-09","1968-12-18 05:08:00","130.675","34.6483","0","0","","1019.5","2","11.8","2","개임(운량:3-7)","2","Low","2","NW ","2","","","10.8","2","61%-70%","2","Altocumulus","2","Calm-ripples ","2","NW ","2","3.4- 5.4 ","2","W  ","2"
"정선해양관측","208-10","1968-01-22 18:00:00","130.83","34.5417","0","0","","1022.1","2","2.9","2","개임(운량:3-7)","2","Low","2","NW ","2","","","","","61%-70%","2","Altostratus","2","Calm-ripples ","2","NW ","2","5.5- 7.9 ","2","NW ","2"
"정선해양관측","208-10","1968-02-18 03:50:00","130.83","34.5417","0","0","","1023.5","2","7","2","쾌청(운량:0-2)","2","Low","2","S  ","2","","","","","","","","","Calm-ripples ","2","S  ","2","1.6- 3.3 ","2","S  ","2"
"정선해양관측","208-10","1968-04-26 05:45:00","130.83","34.5417","0","0","","1015.8","2","15.8","2","개임(운량:3-7)","2","Low","2","SW ","2","","","15.2","2","31%-40%","2","Stratus","2","Smooth-wavelets ","2","SW ","2","0.3- 1.5 ","2","SW ","2"
"정선해양관측","208-10","1968-06-14 02:20:00","130.83","34.5417","0","0","","1011.5","2","18.9","2","흐림(운량:8-10)","2","","","E  ","2","","","18.9","2","81%-90%","2","Altostratus","2","Smooth-wavelets ","2","","","0.3- 1.5 ","2","E  ","2"
"정선해양관측","208-10","1968-08-22 01:20:00","130.83","34.5417","0","0","","","","25.1","2","쾌청(운량:0-2)","2","Low","2","S  ","2","","","","","Zero","2","","","Calm-ripples ","2","S  ","2","0 - 0.2 ","2","SE ","2"
"정선해양관측","208-10","1968-10-16 06:30:00","130.83","34.5417","0","0","","1019.5","2","18.5","2","개임(운량:3-7)","2","Very Low","2","N  ","2","FOREL-ULE SCALE III","2","18.6","2","61%-70%","2","Cirrostratus","2","Calm-ripples ","2","N  ","2","0 - 0.2 ","2","SW ","2"
"정선해양관측","208-10","1968-12-18 03:50:00","130.83","34.5417","0","0","","1019.5","2","11.2","2","개임(운량:3-7)","2","Low","2","NW ","2","","","10.8","2","61%-70%","2","Altocumulus","2","Calm-ripples ","2","NW ","2","3.4- 5.4 ","2","W  ","2"
"정선해양관측","209-04","1968-01-13 09:20:00","129.5467","35.7883","0","0","","1004.3","2","9.1","2","개임(운량:3-7)","2","Very Low","2","NNW","2","FOREL-ULE SCALE VII","2","","","31%-40%","2","Stratocumulus","2","Slight ","2","NNW","2","8.0-10.7 ","2","NNW","2"
"정선해양관측","209-04","1968-02-21 09:40:00","129.5467","35.7883","0","0","","1018","2","2.2","2","개임(운량:3-7)","2","Low","2","NW ","2","FOREL-ULE SCALE VII","2","","","41%-50%","2","Stratocumulus","2","Smooth-wavelets ","2","NW ","2","1.6- 3.3 ","2","W  ","2"
"정선해양관측","209-04","1968-05-09 12:15:00","129.5467","35.7883","0","0","","1015.4","2","16.8","2","개임(운량:3-7)","2","Very Low","2","","","FOREL-ULE SCALE VI","2","","","31%-40%","2","Stratus","2","","","NE ","2","0 - 0.2 ","2","NE ","2"
"정선해양관측","209-04","1968-06-16 12:00:00","129.5467","35.7883","0","0","","1005.1","2","19.9","2","개임(운량:3-7)","2","","","SE ","2","FOREL-ULE SCALE III","2","18.7","2","61%-70%","2","Cirrus","2","Smooth-wavelets ","2","","","3.4- 5.4 ","2","SE ","2"
"정선해양관측","209-04","1968-07-05 13:25:00","129.5467","35.7883","0","0","","1001.8","2","19.6","2","비","2","Very Low","2","SSE","2","FOREL-ULE SCALE V","2","","","91%-100%","2","Nimbostratus","2","Smooth-wavelets ","2","SSE","2","3.4- 5.4 ","2","SSE","2"
"정선해양관측","209-04","1968-08-20 10:00:00","129.5467","35.7883","0","0","","1004.3","2","25.2","2","흐림(운량:8-10)","2","Low","2","S  ","2","FOREL-ULE SCALE VI","2","","","81%-90%","2","Cumulus","2","Slight ","2","S  ","2","3.4- 5.4 ","2","S  ","2"
"정선해양관측","209-04","1968-10-15 12:25:00","129.5467","35.7883","0","0","","1019","2","19.2","2","개임(운량:3-7)","2","Low","2","NW ","2","FOREL-ULE SCALE III","2","","","51%-60%","2","Cirrocumulus","2","Smooth-wavelets ","2","NE ","2","3.4- 5.4 ","2","NW ","2"
"정선해양관측","209-04","1968-12-17 10:00:00","129.5467","35.7883","0","0","","1023","2","5.9","2","개임(운량:3-7)","2","Low","2","W  ","2","FOREL-ULE SCALE IV","2","5.4","2","41%-50%","2","Cirrus","2","Calm-ripples ","2","W  ","2","1.6- 3.3 ","2","W  ","2"
"정선해양관측","209-05","1968-01-14 07:55:00","129.64","35.7567","0","0","","1013.2","2","1.2","2","개임(운량:3-7)","2","Very Low","2","N  ","2","FOREL-ULE SCALE V","2","","","51%-60%","2","Altostratus","2","Slight ","2","N  ","2","8.0-10.7 ","2","N  ","2"
"정선해양관측","209-05","1968-02-21 10:30:00","129.64","35.7567","0","0","","1018","2","3.7","2","흐림(운량:8-10)","2","Low","2","NW ","2","FOREL-ULE SCALE VI","2","","","71%-80%","2","Stratocumulus","2","Slight ","2","NW ","2","1.6- 3.3 ","2","NW ","2"
"정선해양관측","209-05","1968-05-09 13:40:00","129.64","35.7567","0","0","","1015","2","18.4","2","개임(운량:3-7)","2","Very Low","2","","","FOREL-ULE SCALE V","2","","","61%-70%","2","Cirrostratus","2","","","NE ","2","0 - 0.2 ","2","NE ","2"
"정선해양관측","209-05","1968-06-16 13:10:00","129.64","35.7567","0","0","","1005.1","2","21.3","2","개임(운량:3-7)","2","Very Low","2","SE ","2","FOREL-ULE SCALE IV","2","20.2","2","61%-70%","2","Altocumulus","2","Smooth-wavelets ","2","SE ","2","3.4- 5.4 ","2","SE ","2"
"정선해양관측","209-05","1968-07-05 11:10:00","129.64","35.7567","0","0","","1004.1","2","19.7","2","안개(Fog)","2","Very Low","2","N  ","2","FOREL-ULE SCALE IV","2","","","91%-100%","2","Stratocumulus","2","Smooth-wavelets ","2","N  ","2","3.4- 5.4 ","2","N  ","2"
"정선해양관측","209-05","1968-08-21 07:40:00","129.64","35.7567","0","0","","1005","2","25.8","2","쾌청(운량:0-2)","2","Low","2","N  ","2","FOREL-ULE SCALE VII","2","25.1","2","11%-20%","2","Cirrus","2","Calm-ripples ","2","N  ","2","0 - 0.2 ","2","W  ","2"
"정선해양관측","209-05","1968-10-15 13:15:00","129.64","35.7567","0","0","","1018.8","2","19.4","2","쾌청(운량:0-2)","2","Low","2","NE ","2","FOREL-ULE SCALE III","2","15.9","2","11%-20%","2","Cirrus","2","Smooth-wavelets ","2","N  ","2","1.6- 3.3 ","2","NW ","2"
"정선해양관측","209-05","1968-12-17 11:20:00","129.64","35.7567","0","0","","1022.5","2","7.8","2","흐림(운량:8-10)","2","Low","2","W  ","2","FOREL-ULE SCALE III","2","6.2","2","41%-50%","2","Cirrus","2","Calm-ripples ","2","W  ","2","3.4- 5.4 ","2","W  ","2"
"정선해양관측","209-06","1968-05-09 15:20:00","129.8167","35.6883","0","0","","1014.3","2","16.4","2","개임(운량:3-7)","2","Very Low","2","NE ","2","FOREL-ULE SCALE V","2","","","61%-70%","2","Cirrostratus","2","Calm-ripples ","2","NE ","2","0 - 0.2 ","2","NE ","2"
"정선해양관측","209-06","1968-06-16 14:25:00","129.8167","35.6883","0","0","","1004.6","2","20.8","2","흐림(운량:8-10)","2","Very Low","2","SE ","2","FOREL-ULE SCALE II","2","19.9","2","71%-80%","2","Altocumulus","2","Smooth-wavelets ","2","","","5.5- 7.9 ","2","SE ","2"
"정선해양관측","209-06","1968-07-05 09:30:00","129.8167","35.6883","0","0","","1004.7","2","20.2","2","흐림(운량:8-10)","2","Very Low","2","NNW","2","","","","","91%-100%","2","Altostratus","2","Smooth-wavelets ","2","NNW","2","3.4- 5.4 ","2","NNW","2"
"정선해양관측","209-06","1968-10-15 14:35:00","129.8167","35.6883","0","0","","1018.4","2","20.2","2","쾌청(운량:0-2)","2","Low","2","NW ","2","FOREL-ULE SCALE II","2","16.9","2","1%-10%","2","Cirrostratus","2","Calm-ripples ","2","NW ","2","0.3- 1.5 ","2","NW ","2"
"정선해양관측","209-07","1968-01-14 10:30:00","130.005","35.6133","0","0","","1013.1","2","3","2","개임(운량:3-7)","2","Low","2","NW ","2","FOREL-ULE SCALE III","2","","","41%-50%","2","Altocumulus","2","Moderate ","2","NW ","2","8.0-10.7 ","2","NW ","2"
"정선해양관측","209-07","1968-02-25 17:30:00","130.005","35.6133","0","0","","1025.5","2","4.7","2","쾌청(운량:0-2)","2","Low","2","W  ","2","FOREL-ULE SCALE III","2","","","11%-20%","2","Stratus","2","Calm-ripples ","2","W  ","2","0.3- 1.5 ","2","W  ","2"
"정선해양관측","209-07","1968-05-09 17:00:00","130.005","35.6133","0","0","","1013.9","2","16.5","2","흐림(운량:8-10)","2","Very Low","2","NE ","2","FOREL-ULE SCALE IV","2","","","71%-80%","2","Cirrostratus","2","Calm-ripples ","2","NE ","2","0 - 0.2 ","2","NE ","2"
"정선해양관측","209-07","1968-06-16 16:10:00","130.005","35.6133","0","0","","1004.9","2","","","흐림(운량:8-10)","2","Very Low","2","SE ","2","FOREL-ULE SCALE II","2","","","71%-80%","2","Altocumulus","2","Smooth-wavelets ","2","SE ","2","3.4- 5.4 ","2","SE ","2"
"정선해양관측","209-07","1968-07-05 07:40:00","130.005","35.6133","0","0","","1005","2","20.5","2","흐림(운량:8-10)","2","Very Low","2","S  ","2","","","","","91%-100%","2","Altocumulus","2","Smooth-wavelets ","2","S  ","2","3.4- 5.4 ","2","S  ","2"
"정선해양관측","209-07","1968-08-21 10:45:00","130.005","35.6133","0","0","","1006","2","26.8","2","쾌청(운량:0-2)","2","Low","2","SW ","2","FOREL-ULE SCALE VII","2","26.4","2","11%-20%","2","Cirrus","2","Smooth-wavelets ","2","SW ","2","0.3- 1.5 ","2","W  ","2"
"정선해양관측","209-07","1968-10-15 16:10:00","130.005","35.6133","0","0","","1018.1","2","21.8","2","쾌청(운량:0-2)","2","Low","2","N  ","2","FOREL-ULE SCALE III","2","19","2","1%-10%","2","Cirrostratus","2","Smooth-wavelets ","2","NE ","2","1.6- 3.3 ","2","N  ","2"
"정선해양관측","209-07","1968-12-17 14:00:00","130.005","35.6133","0","0","","1020","2","10.4","2","개임(운량:3-7)","2","Low","2","W  ","2","FOREL-ULE SCALE III","2","8.2","2","31%-40%","2","Cirrus","2","Calm-ripples ","2","W  ","2","1.6- 3.3 ","2","W  ","2"
"정선해양관측","209-08","1968-05-09 18:50:00","130.2817","35.5133","0","0","","1013.6","2","15.4","2","흐림(운량:8-10)","2","Very Low","2","","","","","","","81%-90%","2","Cirrostratus","2","","","S  ","2","0 - 0.2 ","2","S  ","2"
"정선해양관측","209-08","1968-06-16 18:40:00","130.2817","35.5133","0","0","","1005.2","2","19.5","2","개임(운량:3-7)","2","Very Low","2","SE ","2","","","18.9","2","41%-50%","2","Cirrus","2","Calm-ripples ","2","SE ","2","0.3- 1.5 ","2","SE ","2"
"정선해양관측","209-08","1968-10-15 18:20:00","130.2817","35.5133","0","0","","1018.9","2","18.9","2","쾌청(운량:0-2)","2","Low","2","N  ","2","","","19","2","1%-10%","2","Cirrostratus","2","Smooth-wavelets ","2","NE ","2","0.3- 1.5 ","2","NW ","2"
"정선해양관측","209-09","1968-01-14 13:30:00","130.5583","35.4067","0","0","","1008.8","2","3.6","2","개임(운량:3-7)","2","Low","2","NNW","2","FOREL-ULE SCALE III","2","","","61%-70%","2","Altocumulus","2","Moderate ","2","NNW","2","8.0-10.7 ","2","NNW","2"
"정선해양관측","209-09","1968-02-25 21:25:00","130.5583","35.4067","0","0","","1025","2","3.9","2","쾌청(운량:0-2)","2","Low","2","SE ","2","","","","","11%-20%","2","Stratus","2","Calm-ripples ","2","SE ","2","0.3- 1.5 ","2","SE ","2"
"정선해양관측","209-09","1968-05-09 21:00:00","130.5583","35.4067","0","0","","1014.3","2","15.5","2","흐림(운량:8-10)","2","Very Low","2","","","","","","","81%-90%","2","Cirrostratus","2","","","S  ","2","0 - 0.2 ","2","S  ","2"
"정선해양관측","209-09","1968-06-16 20:40:00","130.5583","35.4067","0","0","","1005.4","2","18.4","2","개임(운량:3-7)","2","Very Low","2","SE ","2","","","17.8","2","21%-30%","2","Cirrus","2","Calm-ripples ","2","SE ","2","0.3- 1.5 ","2","SE ","2"
"정선해양관측","209-09","1968-08-01 03:20:00","130.5583","35.4067","0","0","","1005.6","2","27.6","2","쾌청(운량:0-2)","2","Low","2","S  ","2","FOREL-ULE SCALE VII","2","27.8","2","11%-20%","2","Altocumulus","2","Calm-ripples ","2","S  ","2","0 - 0.2 ","2","S  ","2"
"정선해양관측","209-09","1968-08-21 15:20:00","130.5583","35.4067","0","0","","1005.6","2","27.6","2","쾌청(운량:0-2)","2","Low","2","S  ","2","FOREL-ULE SCALE VII","2","27.8","2","11%-20%","2","Altocumulus","2","Calm-ripples ","2","S  ","2","0 - 0.2 ","2","S  ","2"
"정선해양관측","209-09","1968-10-15 20:20:00","130.5583","35.4067","0","0","","1019.4","2","18.6","2","쾌청(운량:0-2)","2","Low","2","SW ","2","","","","","1%-10%","2","Cirrus","2","Calm-ripples ","2","SW ","2","0.3- 1.5 ","2","SW ","2"
"정선해양관측","209-09","1968-12-17 17:45:00","130.5583","35.4067","0","0","","1021","2","10.4","2","흐림(운량:8-10)","2","Low","2","W  ","2","","","9.6","2","71%-80%","2","Cirrus","2","Calm-ripples ","2","W  ","2","1.6- 3.3 ","2","W  ","2"
"정선해양관측","209-10","1968-05-09 22:50:00","130.833","35.2967","0","0","","1014.6","2","15.6","2","흐림(운량:8-10)","2","Very Low","2","","","","","","","81%-90%","2","Cirrostratus","2","","","S  ","2","0 - 0.2 ","2","S  ","2"
"정선해양관측","209-10","1968-06-16 22:30:00","130.833","35.2967","0","0","","1005.4","2","18.2","2","개임(운량:3-7)","2","Very Low","2","SE ","2","","","17.6","2","61%-70%","2","Cirrus","2","Calm-ripples ","2","SE ","2","0.3- 1.5 ","2","SE ","2"
"정선해양관측","209-10","1968-10-15 22:15:00","130.833","35.2967","0","0","","1019.7","2","18.6","2","쾌청(운량:0-2)","2","Low","2","SW ","2","","","16.2","2","1%-10%","2","Cirrus","2","Calm-ripples ","2","SW ","2","0.3- 1.5 ","2","SW ","2"
"정선해양관측","209-11","1968-02-26 01:10:00","131.11","35.19","0","0","","1025","2","4.9","2","쾌청(운량:0-2)","2","Low","2","W  ","2","","","","","","","","","Calm-ripples ","2","W  ","2","0 - 0.2 ","2","W  ","2"
"정선해양관측","209-11","1968-05-10 00:20:00","131.11","35.19","0","0","","1014.7","2","15.2","2","흐림(운량:8-10)","2","Very Low","2","","","","","","","81%-90%","2","Cirrostratus","2","","","S  ","2","0 - 0.2 ","2","S  ","2"
"정선해양관측","209-11","1968-06-17 00:30:00","131.11","35.19","0","0","","1004.6","2","18.8","2","개임(운량:3-7)","2","Very Low","2","SE ","2","","","18.4","2","61%-70%","2","Cirrus","2","Smooth-wavelets ","2","SE ","2","0.3- 1.5 ","2","SE ","2"
"정선해양관측","209-11","1968-08-21 18:55:00","131.11","35.19","0","0","","1006","2","25.8","2","쾌청(운량:0-2)","2","Low","2","NE ","2","FOREL-ULE SCALE I","2","","","11%-20%","2","Cumulus","2","Smooth-wavelets ","2","NE ","2","0.3- 1.5 ","2","NE ","2"
"정선해양관측","209-11","1968-10-16 00:15:00","131.11","35.19","0","0","","1019.1","2","18.7","2","쾌청(운량:0-2)","2","Low","2","NW ","2","","","16.8","2","1%-10%","2","Cirrus","2","Calm-ripples ","2","NW ","2","0.3- 1.5 ","2","NW ","2"
"정선해양관측","209-11","1968-12-17 20:30:00","131.11","35.19","0","0","","1021.2","2","11.2","2","개임(운량:3-7)","2","Low","2","W  ","2","","","10.6","2","51%-60%","2","Cirrus","2","Calm-ripples ","2","W  ","2","3.4- 5.4 ","2","W  ","2"
"정선해양관측","209-12","1968-05-10 02:00:00","131.3767","35.0883","0","0","","1014.8","2","15.2","2","흐림(운량:8-10)","2","Very Low","2","","","","","","","81%-90%","2","Cirrostratus","2","","","S  ","2","0 - 0.2 ","2","S  ","2"
"정선해양관측","209-12","1968-10-16 02:15:00","131.3767","35.0883","0","0","","1019.1","2","18.6","2","쾌청(운량:0-2)","2","Low","2","NW ","2","","","17.2","2","1%-10%","2","Cirrus","2","Calm-ripples ","2","NW ","2","0.3- 1.5 ","2","NW ","2"
"정선해양관측","209-13","1968-02-26 04:55:00","131.6517","34.9817","0","0","","1024.5","2","4.8","2","쾌청(운량:0-2)","2","Low","2","W  ","2","","","","","","","","","Calm-ripples ","2","W  ","2","0 - 0.2 ","2","E  ","2"
"정선해양관측","209-13","1968-08-21 23:00:00","131.6517","34.9817","0","0","","1007","2","25.2","2","쾌청(운량:0-2)","2","Low","2","NE ","2","","","25","2","1%-10%","2","Cirrus","2","Calm-ripples ","2","NE ","2","0.3- 1.5 ","2","NE ","2"
"정선해양관측","209-13","1968-12-17 23:35:00","131.6517","34.9817","0","0","","1021.1","2","11.8","2","개임(운량:3-7)","2","Low","2","NW ","2","","","10.8","2","61%-70%","2","Altocumulus","2","Calm-ripples ","2","NW ","2","3.4- 5.4 ","2","W  ","2"
"정선해양관측","306-02","1968-03-08 10:55:00","126.0517","37.2817","0","0","","1020.3","2","3.8","2","흐림(운량:8-10)","2","Low","2","W  ","2","FOREL-ULE SCALE VIII","2","3.3","2","71%-80%","2","Cirrus","2","Slight ","2","W  ","2","1.6- 3.3 ","2","W  ","2"
"정선해양관측","306-02","1968-04-12 10:00:00","126.0517","37.2817","0","0","","1021","2","5.8","2","개임(운량:3-7)","2","Very Low","2","","","FOREL-ULE SCALE X","2","","","21%-30%","2","Cirrus","2","Calm-ripples ","2","","","0.3- 1.5 ","2","NE ","2"
"정선해양관측","306-02","1968-05-04 13:50:00","126.0517","37.2817","0","0","","1019.5","2","14.3","2","쾌청(운량:0-2)","2","No Swell","2","","","FOREL-ULE SCALE VII","2","","","","","","","Calm-glassy ","2","","","0 - 0.2 ","2","N  ","2"
"정선해양관측","306-02","1968-06-13 09:30:00","126.0517","37.2817","0","0","","1006.2","2","15.3","2","안개(Fog)","2","Very Low","2","SW ","2","FOREL-ULE SCALE VII","2","","","91%-100%","2","Stratus","2","Calm-ripples ","2","SW ","2","0 - 0.2 ","2","SW ","2"
"정선해양관측","306-02","1968-08-13 18:30:00","126.0517","37.2817","0","0","","1008.8","2","26.1","2","흐림(운량:8-10)","2","Low","2","","","FOREL-ULE SCALE IX","2","","","91%-100%","2","Cumulus","2","Calm-ripples ","2","","","0.3- 1.5 ","2","SE ","2"
"정선해양관측","306-02","1968-10-17 16:45:00","126.0517","37.2817","0","0","","1019","2","18","2","개임(운량:3-7)","2","Low","2","","","FOREL-ULE SCALE VII","2","16","2","61%-70%","2","Altostratus","2","Slight ","2","","","5.5- 7.9 ","2","NW ","2"
"정선해양관측","306-02","1968-12-17 12:30:00","126.0517","37.2817","0","0","","1025","2","9.8","2","개임(운량:3-7)","2","Low","2","","","FOREL-ULE SCALE VIII","2","8.5","2","51%-60%","2","Cumulus","2","Smooth-wavelets ","2","","","3.4- 5.4 ","2","SE ","2"
"정선해양관측","306-03","1968-03-09 08:55:00","125.8383","37.2817","0","0","","1028.9","2","2.3","2","개임(운량:3-7)","2","Low","2","NW ","2","FOREL-ULE SCALE VIII","2","1.1","2","31%-40%","2","Nimbostratus","2","Slight ","2","NW ","2","1.6- 3.3 ","2","W  ","2"
"정선해양관측","306-03","1968-04-12 08:45:00","125.8383","37.2817","0","0","","1021.1","2","5.5","2","쾌청(운량:0-2)","2","Very Low","2","","","FOREL-ULE SCALE VII","2","","","11%-20%","2","Cirrus","2","Calm-ripples ","2","","","0.3- 1.5 ","2","N  ","2"
"정선해양관측","306-03","1968-06-13 08:30:00","125.8383","37.2817","0","0","","1008.7","2","14.5","2","안개(Fog)","2","Low","2","SW ","2","FOREL-ULE SCALE VII","2","","","91%-100%","2","Stratus","2","Calm-ripples ","2","SW ","2","0 - 0.2 ","2","SW ","2"
"정선해양관측","306-03","1968-08-13 17:10:00","125.8383","37.2817","0","0","","1008","2","26.8","2","흐림(운량:8-10)","2","Low","2","","","FOREL-ULE SCALE IV","2","","","91%-100%","2","Cumulus","2","Smooth-wavelets ","2","","","1.6- 3.3 ","2","SE ","2"
"정선해양관측","306-03","1968-10-17 18:30:00","125.8383","37.2817","0","0","","1019","2","17.5","2","흐림(운량:8-10)","2","Low","2","","","FOREL-ULE SCALE VII","2","15.7","2","71%-80%","2","Altostratus","2","Slight ","2","","","5.5- 7.9 ","2","NW ","2"
"정선해양관측","306-03","1968-12-17 14:15:00","125.8383","37.2817","0","0","","1025.5","2","9.3","2","개임(운량:3-7)","2","Low","2","","","FOREL-ULE SCALE VII","2","8.5","2","61%-70%","2","Cumulus","2","Slight ","2","","","5.5- 7.9 ","2","W  ","2"
"정선해양관측","306-04","1968-03-09 10:00:00","125.63","37.2817","0","0","","1029.2","2","2.7","2","쾌청(운량:0-2)","2","Low","2","NW ","2","FOREL-ULE SCALE VIII","2","1.4","2","Zero","2","","","Slight ","2","NW ","2","1.6- 3.3 ","2","W  ","2"
"정선해양관측","306-04","1968-04-12 07:30:00","125.63","37.2817","0","0","","1021.2","2","5.4","2","쾌청(운량:0-2)","2","Very Low","2","","","FOREL-ULE SCALE VII","2","","","11%-20%","2","Cirrus","2","Calm-ripples ","2","","","0.3- 1.5 ","2","N  ","2"
"정선해양관측","306-04","1968-05-04 17:10:00","125.63","37.2817","0","0","","1019.5","2","12.6","2","쾌청(운량:0-2)","2","Very Low","2","","","FOREL-ULE SCALE VII","2","","","","","","","Smooth-wavelets ","2","","","0.3- 1.5 ","2","NW ","2"
"정선해양관측","306-04","1968-06-13 07:15:00","125.63","37.2817","0","0","","1008.4","2","15.4","2","안개(Fog)","2","Low","2","SW ","2","","","","","91%-100%","2","Stratus","2","Calm-ripples ","2","SW ","2","0 - 0.2 ","2","SW ","2"
"정선해양관측","306-04","1968-08-13 15:45:00","125.63","37.2817","0","0","","1008.9","2","26.1","2","흐림(운량:8-10)","2","Low","2","","","FOREL-ULE SCALE VIII","2","24.2","2","91%-100%","2","Cumulus","2","Slight ","2","","","1.6- 3.3 ","2","SE ","2"
"정선해양관측","306-04","1968-10-17 21:15:00","125.63","37.2817","0","0","","1020","2","16.5","2","흐림(운량:8-10)","2","Low","2","","","","","14.8","2","71%-80%","2","Altostratus","2","Slight ","2","","","3.4- 5.4 ","2","NW ","2"
"정선해양관측","306-04","1968-12-17 16:00:00","125.63","37.2817","0","0","","1025.5","2","8.6","2","개임(운량:3-7)","2","Low","2","","","FOREL-ULE SCALE VII","2","7.3","2","61%-70%","2","Cumulus","2","Slight ","2","","","5.5- 7.9 ","2","W  ","2"
"정선해양관측","306-05","1968-03-09 11:10:00","125.42","37.2817","0","0","","1029.5","2","2.8","2","쾌청(운량:0-2)","2","Low","2","NW ","2","FOREL-ULE SCALE VII","2","1.6","2","Zero","2","","","Slight ","2","NW ","2","1.6- 3.3 ","2","W  ","2"
"정선해양관측","306-05","1968-04-12 06:15:00","125.42","37.2817","0","0","","1021","2","5.1","2","쾌청(운량:0-2)","2","Very Low","2","","","FOREL-ULE SCALE VII","2","","","","","","","Calm-ripples ","2","","","1.6- 3.3 ","2","N  ","2"
"정선해양관측","306-05","1968-06-13 05:40:00","125.42","37.2817","0","0","","1008.6","2","15.6","2","안개(Fog)","2","Low","2","SW ","2","","","","","91%-100%","2","Stratus","2","Calm-ripples ","2","SW ","2","0 - 0.2 ","2","SW ","2"
"정선해양관측","306-05","1968-08-13 14:10:00","125.42","37.2817","0","0","","1008.6","2","26.1","2","개임(운량:3-7)","2","Low","2","","","FOREL-ULE SCALE VIII","2","24.5","2","41%-50%","2","Cumulus","2","Moderate ","2","","","3.4- 5.4 ","2","SE ","2"
"정선해양관측","306-05","1968-10-18 11:00:00","125.42","37.2817","0","0","","1022.5","2","15.5","2","개임(운량:3-7)","2","Low","2","","","FOREL-ULE SCALE VII","2","14","2","21%-30%","2","Cumulus","2","Smooth-wavelets ","2","","","1.6- 3.3 ","2","NW ","2"
"정선해양관측","306-05","1968-12-17 17:45:00","125.42","37.2817","0","0","","1025","2","8","2","개임(운량:3-7)","2","Low","2","","","FOREL-ULE SCALE VI","2","6.8","2","61%-70%","2","Cumulus","2","Slight ","2","","","5.5- 7.9 ","2","W  ","2"
"정선해양관측","306-06","1968-03-09 12:25:00","125.2117","37.2817","0","0","","1029.7","2","2.9","2","쾌청(운량:0-2)","2","Low","2","NW ","2","FOREL-ULE SCALE VII","2","1.6","2","Zero","2","","","Slight ","2","NW ","2","1.6- 3.3 ","2","W  ","2"
"정선해양관측","306-06","1968-04-12 05:00:00","125.2117","37.2817","0","0","","1021","2","5","2","","","Very Low","2","","","","","","","","","","","Calm-ripples ","2","","","1.6- 3.3 ","2","N  ","2"
"정선해양관측","306-06","1968-05-04 20:10:00","125.2117","37.2817","0","0","","1019","2","8.2","2","쾌청(운량:0-2)","2","Very Low","2","","","FOREL-ULE SCALE V","2","","","","","","","Slight ","2","","","1.6- 3.3 ","2","N  ","2"
"정선해양관측","306-06","1968-06-13 04:40:00","125.2117","37.2817","0","0","","1005","2","14.5","2","안개(Fog)","2","Low","2","","","","","","","91%-100%","2","Stratus","2","Smooth-wavelets ","2","","","0.3- 1.5 ","2","SW ","2"
"정선해양관측","306-06","1968-08-13 11:55:00","125.2117","37.2817","0","0","","1008.5","2","27","2","개임(운량:3-7)","2","Low","2","","","FOREL-ULE SCALE VII","2","24.8","2","41%-50%","2","Cumulus","2","Moderate ","2","","","3.4- 5.4 ","2","SE ","2"
"정선해양관측","306-06","1968-10-18 12:45:00","125.2117","37.2817","0","0","","1022.5","2","15.8","2","개임(운량:3-7)","2","Low","2","","","FOREL-ULE SCALE VII","2","14.2","2","21%-30%","2","Cumulus","2","Smooth-wavelets ","2","","","1.6- 3.3 ","2","NW ","2"
"정선해양관측","306-06","1968-12-17 19:20:00","125.2117","37.2817","0","0","","1025","2","8","2","개임(운량:3-7)","2","Low","2","","","","","6.9","2","41%-50%","2","Cumulus","2","Smooth-wavelets ","2","","","1.6- 3.3 ","2","W  ","2"
"정선해양관측","306-07","1968-03-09 13:40:00","125","37.2817","0","0","","1029","2","3.1","2","쾌청(운량:0-2)","2","Low","2","NW ","2","FOREL-ULE SCALE VI","2","1.9","2","Zero","2","","","Slight ","2","NW ","2","1.6- 3.3 ","2","W  ","2"
"정선해양관측","306-07","1968-04-12 03:45:00","125","37.2817","0","0","","1020","2","4.8","2","","","","","","","","","","","","","","","","","","","0.3- 1.5 ","2","NE ","2"
"정선해양관측","306-07","1968-06-13 03:00:00","125","37.2817","0","0","","1008.5","2","13.5","2","안개(Fog)","2","Low","2","","","","","","","91%-100%","2","Stratus","2","Smooth-wavelets ","2","","","0.3- 1.5 ","2","SW ","2"
"정선해양관측","306-07","1968-08-13 10:35:00","125","37.2817","0","0","","1009.5","2","26","2","개임(운량:3-7)","2","Low","2","","","FOREL-ULE SCALE VII","2","24.9","2","61%-70%","2","Cumulus","2","Moderate ","2","","","5.5- 7.9 ","2","SE ","2"
"정선해양관측","306-07","1968-10-18 14:30:00","125","37.2817","0","0","","1022.5","2","16","2","개임(운량:3-7)","2","Low","2","","","FOREL-ULE SCALE VII","2","14.4","2","51%-60%","2","Altostratus","2","Slight ","2","","","3.4- 5.4 ","2","NW ","2"
"정선해양관측","306-07","1968-12-17 21:15:00","125","37.2817","0","0","","1024","2","9","2","개임(운량:3-7)","2","Low","2","","","","","7.8","2","41%-50%","2","Cumulus","2","Smooth-wavelets ","2","","","1.6- 3.3 ","2","W  ","2"
"정선해양관측","306-08","1968-03-09 14:50:00","124.79","37.2817","0","0","","1028.9","2","2.9","2","쾌청(운량:0-2)","2","Low","2","NW ","2","FOREL-ULE SCALE VI","2","2.1","2","","","","","Slight ","2","NW ","2","1.6- 3.3 ","2","W  ","2"
"정선해양관측","306-08","1968-04-12 01:30:00","124.79","37.2817","0","0","","1021.5","2","4.8","2","","","Very Low","2","","","","","","","","","","","Calm-ripples ","2","","","1.6- 3.3 ","2","NW ","2"
"정선해양관측","306-08","1968-06-13 01:40:00","124.79","37.2817","0","0","","1008.5","2","15","2","안개(Fog)","2","Low","2","","","","","","","91%-100%","2","Stratus","2","Smooth-wavelets ","2","","","0.3- 1.5 ","2","SW ","2"
"정선해양관측","306-08","1968-10-18 16:15:00","124.79","37.2817","0","0","","1022.5","2","15.5","2","개임(운량:3-7)","2","Low","2","","","FOREL-ULE SCALE VI","2","14.2","2","61%-70%","2","Altostratus","2","Slight ","2","","","3.4- 5.4 ","2","NW ","2"
"정선해양관측","306-08","1968-12-17 23:00:00","124.79","37.2817","0","0","","1024","2","8.5","2","개임(운량:3-7)","2","Low","2","","","","","6.8","2","41%-50%","2","Cumulus","2","Smooth-wavelets ","2","","","3.4- 5.4 ","2","W  ","2"
"정선해양관측","306-09","1968-03-09 16:05:00","124.58","37.2817","0","0","","1028.2","2","2.8","2","쾌청(운량:0-2)","2","Low","2","NW ","2","FOREL-ULE SCALE VI","2","1.8","2","11%-20%","2","Cirrus","2","Smooth-wavelets ","2","NW ","2","0.3- 1.5 ","2","W  ","2"
"정선해양관측","306-09","1968-04-12 00:15:00","124.58","37.2817","0","0","","1021.4","2","4.5","2","","","Very Low","2","","","","","","","","","","","Calm-ripples ","2","","","1.6- 3.3 ","2","N  ","2"
"정선해양관측","306-09","1968-06-13 00:20:00","124.58","37.2817","0","0","","1008.2","2","15.5","2","안개(Fog)","2","Low","2","","","","","","","91%-100%","2","Stratus","2","Smooth-wavelets ","2","","","0.3- 1.5 ","2","SW ","2"
"정선해양관측","306-09","1968-08-13 07:50:00","124.58","37.2817","0","0","","1008.5","2","27.2","2","흐림(운량:8-10)","2","Low","2","","","FOREL-ULE SCALE VII","2","","","91%-100%","2","Cumulonimbus","2","Slight ","2","","","1.6- 3.3 ","2","SE ","2"
"정선해양관측","306-09","1968-10-18 18:00:00","124.58","37.2817","0","0","","1022.5","2","15","2","개임(운량:3-7)","2","Low","2","","","FOREL-ULE SCALE V","2","14","2","61%-70%","2","Altostratus","2","Slight ","2","","","1.6- 3.3 ","2","NW ","2"
"정선해양관측","306-09","1968-12-18 00:45:00","124.58","37.2817","0","0","","1024","2","8.2","2","개임(운량:3-7)","2","Low","2","","","","","7.6","2","41%-50%","2","Cumulus","2","Smooth-wavelets ","2","","","5.5- 7.9 ","2","W  ","2"
"정선해양관측","306-10","1968-03-09 17:15:00","124.3717","37.2817","0","0","","1028.3","2","4.4","2","쾌청(운량:0-2)","2","Low","2","NW ","2","FOREL-ULE SCALE VI","2","3.1","2","1%-10%","2","Cirrus","2","Smooth-wavelets ","2","NW ","2","0.3- 1.5 ","2","W  ","2"
"정선해양관측","306-10","1968-04-11 23:00:00","124.3717","37.2817","0","0","","1021.1","2","4.6","2","","","Very Low","2","","","","","","","","","","","Calm-ripples ","2","","","0.3- 1.5 ","2","N  ","2"
"정선해양관측","306-10","1968-06-12 23:00:00","124.3717","37.2817","0","0","","1006","2","16","2","안개(Fog)","2","Low","2","","","","","","","91%-100%","2","Stratus","2","Smooth-wavelets ","2","","","0.3- 1.5 ","2","SW ","2"
"정선해양관측","306-10","1968-08-13 06:25:00","124.3717","37.2817","0","0","","1008","2","27.5","2","흐림(운량:8-10)","2","Low","2","","","","","","","71%-80%","2","Cumulonimbus","2","Slight ","2","","","3.4- 5.4 ","2","SE ","2"
"정선해양관측","306-10","1968-10-18 19:45:00","124.3717","37.2817","0","0","","1023","2","15","2","개임(운량:3-7)","2","Low","2","","","","","13.8","2","61%-70%","2","Altostratus","2","Slight ","2","","","3.4- 5.4 ","2","NW ","2"
"정선해양관측","306-10","1968-12-18 02:30:00","124.3717","37.2817","0","0","","1023.5","2","8","2","개임(운량:3-7)","2","Low","2","","","","","7.6","2","41%-50%","2","Cumulus","2","Smooth-wavelets ","2","","","3.4- 5.4 ","2","SW ","2"
"정선해양관측","307-03","1968-04-12 14:20:00","126","36.9417","0","0","","1020.5","2","5.8","2","개임(운량:3-7)","2","Very Low","2","","","FOREL-ULE SCALE VIII","2","","","1%-10%","2","Cirrus","2","Calm-ripples ","2","","","0.3- 1.5 ","2","NE ","2"
"정선해양관측","307-03","1968-05-02 12:45:00","126","36.9417","0","0","","1007","2","9.5","2","흐림(운량:8-10)","2","Low","2","","","FOREL-ULE SCALE I","2","","","91%-100%","2","Nimbostratus","2","Moderate ","2","","","5.5- 7.9 ","2","S  ","2"
"정선해양관측","307-03","1968-06-14 12:40:00","126","36.9417","0","0","","1010","2","21.2","2","개임(운량:3-7)","2","Very Low","2","","","FOREL-ULE SCALE VIII","2","","","21%-30%","2","Altostratus","2","Calm-glassy ","2","SW ","2","0 - 0.2 ","2","SW ","2"
"정선해양관측","307-03","1968-08-12 17:40:00","126","36.9417","0","0","","1009.6","2","26.5","2","개임(운량:3-7)","2","Very Low","2","","","FOREL-ULE SCALE VII","2","","","51%-60%","2","Altocumulus","2","Calm-ripples ","2","","","0.3- 1.5 ","2","E  ","2"
"정선해양관측","307-03","1968-10-17 12:45:00","126","36.9417","0","0","","1019","2","18.1","2","개임(운량:3-7)","2","Low","2","NW ","2","FOREL-ULE SCALE IV","2","16.1","2","51%-60%","2","Altostratus","2","Slight ","2","NW ","2","3.4- 5.4 ","2","NW ","2"
"정선해양관측","307-03","1968-12-13 13:30:00","126","36.9417","0","0","","1024","2","12.1","2","개임(운량:3-7)","2","Low","2","E  ","2","FOREL-ULE SCALE VI","2","11.6","2","51%-60%","2","Stratus","2","Smooth-wavelets ","2","E  ","2","0.3- 1.5 ","2","E  ","2"
"정선해양관측","307-04","1968-03-10 03:00:00","125.6283","36.925","0","0","","1028.1","2","0.9","2","쾌청(운량:0-2)","2","Very Low","2","W  ","2","","","0.1","2","31%-40%","2","Cirrus","2","Calm-ripples ","2","W  ","2","0 - 0.2 ","2","W  ","2"
"정선해양관측","307-04","1968-04-11 13:20:00","125.6283","36.925","0","0","","1019","2","6.5","2","흐림(운량:8-10)","2","Very Low","2","","","FOREL-ULE SCALE VI","2","","","71%-80%","2","Altostratus","2","Calm-ripples ","2","","","0.3- 1.5 ","2","SW ","2"
"정선해양관측","307-04","1968-06-14 14:00:00","125.6283","36.925","0","0","","1010","2","18.6","2","개임(운량:3-7)","2","No Swell","2","","","FOREL-ULE SCALE VIII","2","","","21%-30%","2","Altostratus","2","Calm-glassy ","2","","","","","",""
"정선해양관측","307-04","1968-08-12 19:35:00","125.6283","36.925","0","0","","1008.9","2","26.2","2","흐림(운량:8-10)","2","Very Low","2","","","FOREL-ULE SCALE VI","2","","","91%-100%","2","Cumulus","2","Calm-ripples ","2","","","0 - 0.2 ","2","E  ","2"
"정선해양관측","307-04","1968-10-17 11:00:00","125.6283","36.925","0","0","","1019","2","18","2","개임(운량:3-7)","2","Low","2","NW ","2","FOREL-ULE SCALE IV","2","15.8","2","41%-50%","2","Altostratus","2","Smooth-wavelets ","2","NW ","2","1.6- 3.3 ","2","NW ","2"
"정선해양관측","307-04","1968-12-13 16:20:00","125.6283","36.925","0","0","","1024","2","12","2","흐림(운량:8-10)","2","Low","2","E  ","2","FOREL-ULE SCALE VI","2","11","2","71%-80%","2","Stratus","2","Smooth-wavelets ","2","E  ","2","1.6- 3.3 ","2","N  ","2"
"정선해양관측","307-05","1968-03-10 01:40:00","125.4167","36.925","0","0","","1027.9","2","1.1","2","개임(운량:3-7)","2","Very Low","2","W  ","2","","","0.4","2","61%-70%","2","Cirrus","2","Calm-ripples ","2","W  ","2","0.3- 1.5 ","2","W  ","2"
"정선해양관측","307-05","1968-04-11 14:40:00","125.4167","36.925","0","0","","1019.2","2","6.5","2","개임(운량:3-7)","2","Very Low","2","","","FOREL-ULE SCALE III","2","","","31%-40%","2","Altostratus","2","Calm-ripples ","2","","","0.3- 1.5 ","2","SW ","2"
"정선해양관측","307-05","1968-05-05 03:10:00","125.4167","36.925","0","0","","","","7.5","2","","","","","","","","","","","","","","","","","","","","","",""
"정선해양관측","307-05","1968-06-14 15:15:00","125.4167","36.925","0","0","","1008.5","2","21.9","2","개임(운량:3-7)","2","Very Low","2","SW ","2","FOREL-ULE SCALE V","2","","","21%-30%","2","Altostratus","2","Calm-ripples ","2","SW ","2","0 - 0.2 ","2","SW ","2"
"정선해양관측","307-05","1968-08-12 20:50:00","125.4167","36.925","0","0","","1009.5","2","26.5","2","","","","","","","","","","","","","","","","","","","0.3- 1.5 ","2","E  ","2"
"정선해양관측","307-05","1968-10-17 09:30:00","125.4167","36.925","0","0","","1019","2","17.5","2","개임(운량:3-7)","2","Low","2","NW ","2","FOREL-ULE SCALE IV","2","15.2","2","41%-50%","2","Altostratus","2","Slight ","2","NW ","2","3.4- 5.4 ","2","NW ","2"
"정선해양관측","307-05","1968-12-18 14:25:00","125.4167","36.925","0","0","","1020","2","8.9","2","흐림(운량:8-10)","2","Very Low","2","SE ","2","FOREL-ULE SCALE VII","2","7.4","2","91%-100%","2","Stratus","2","Calm-ripples ","2","SE ","2","0 - 0.2 ","2","SE ","2"
"정선해양관측","307-06","1968-03-10 00:20:00","125.2083","36.925","0","0","","1028.1","2","2.4","2","개임(운량:3-7)","2","Very Low","2","W  ","2","","","1.6","2","41%-50%","2","Cirrus","2","Calm-ripples ","2","W  ","2","0 - 0.2 ","2","W  ","2"
"정선해양관측","307-06","1968-06-14 16:30:00","125.2083","36.925","0","0","","1008.2","2","21.9","2","개임(운량:3-7)","2","Very Low","2","SW ","2","FOREL-ULE SCALE V","2","","","21%-30%","2","Altostratus","2","Calm-ripples ","2","SW ","2","0 - 0.2 ","2","SW ","2"
"정선해양관측","307-06","1968-08-12 22:25:00","125.2083","36.925","0","0","","","","26.5","2","","","","","","","","","","","","","","","","","","","0.3- 1.5 ","2","E  ","2"
"정선해양관측","307-06","1968-10-17 07:45:00","125.2083","36.925","0","0","","1017","2","17","2","개임(운량:3-7)","2","Low","2","NW ","2","FOREL-ULE SCALE IV","2","15","2","41%-50%","2","Nimbostratus","2","Slight ","2","NW ","2","1.6- 3.3 ","2","NW ","2"
"정선해양관측","307-06","1968-12-18 12:40:00","125.2083","36.925","0","0","","1021.5","2","9","2","흐림(운량:8-10)","2","Very Low","2","SE ","2","FOREL-ULE SCALE VI","2","8.3","2","71%-80%","2","Stratus","2","Smooth-wavelets ","2","SE ","2","3.4- 5.4 ","2","SE ","2"
"정선해양관측","307-07","1968-03-09 23:15:00","125","36.925","0","0","","1028.3","2","1.8","2","쾌청(운량:0-2)","2","Very Low","2","W  ","2","","","1.1","2","11%-20%","2","Cirrus","2","Smooth-wavelets ","2","W  ","2","0.3- 1.5 ","2","W  ","2"
"정선해양관측","307-07","1968-04-11 17:10:00","125","36.925","0","0","","1018.3","2","5.5","2","개임(운량:3-7)","2","Very Low","2","","","FOREL-ULE SCALE IV","2","","","41%-50%","2","Cirrus","2","Calm-ripples ","2","","","0.3- 1.5 ","2","W  ","2"
"정선해양관측","307-07","1968-05-05 00:10:00","125","36.925","0","0","","1019.5","2","7.8","2","","","","","","","","","","","","","","","","","","","3.4- 5.4 ","2","N  ","2"
"정선해양관측","307-07","1968-06-14 00:00:00","125","36.925","0","0","","1008","2","20.4","2","개임(운량:3-7)","2","Very Low","2","SW ","2","FOREL-ULE SCALE IV","2","","","31%-40%","2","Altostratus","2","Calm-ripples ","2","SW ","2","0 - 0.2 ","2","SW ","2"
"정선해양관측","307-07","1968-06-14 17:50:00","125","36.925","0","0","","1008","2","20.4","2","개임(운량:3-7)","2","Very Low","2","SW ","2","FOREL-ULE SCALE IV","2","","","31%-40%","2","Altostratus","2","Calm-ripples ","2","SW ","2","0 - 0.2 ","2","SW ","2"
"정선해양관측","307-07","1968-08-12 23:50:00","125","36.925","0","0","","1009","2","26.5","2","흐림(운량:8-10)","2","Very Low","2","","","","","","","71%-80%","2","Altostratus","2","Calm-ripples ","2","","","0.3- 1.5 ","2","ESE","2"
"정선해양관측","307-07","1968-10-17 06:00:00","125","36.925","0","0","","1017.5","2","18.2","2","개임(운량:3-7)","2","Low","2","NW ","2","","","15","2","51%-60%","2","Nimbostratus","2","Smooth-wavelets ","2","NW ","2","3.4- 5.4 ","2","NW ","2"
"정선해양관측","307-07","1968-12-18 10:55:00","125","36.925","0","0","","1021.5","2","8.8","2","흐림(운량:8-10)","2","Low","2","SE ","2","FOREL-ULE SCALE V","2","7.2","2","71%-80%","2","Stratus","2","Smooth-wavelets ","2","SE ","2","3.4- 5.4 ","2","SE ","2"
"정선해양관측","307-08","1968-03-09 22:00:00","124.7917","36.925","0","0","","1028.2","2","2.2","2","개임(운량:3-7)","2","Very Low","2","W  ","2","","","1.7","2","31%-40%","2","Cirrus","2","Smooth-wavelets ","2","W  ","2","0.3- 1.5 ","2","W  ","2"
"정선해양관측","307-08","1968-04-11 18:25:00","124.7917","36.925","0","0","","1019","2","5.4","2","개임(운량:3-7)","2","Very Low","2","","","FOREL-ULE SCALE III","2","","","41%-50%","2","Cirrus","2","Calm-ripples ","2","","","0.3- 1.5 ","2","W  ","2"
"정선해양관측","307-08","1968-06-14 19:10:00","124.7917","36.925","0","0","","1008","2","20.1","2","개임(운량:3-7)","2","Very Low","2","SW ","2","FOREL-ULE SCALE IV","2","","","51%-60%","2","Altostratus","2","Calm-ripples ","2","SW ","2","0 - 0.2 ","2","SW ","2"
"정선해양관측","307-08","1968-08-13 01:00:00","124.7917","36.925","0","0","","1008.8","2","27.1","2","흐림(운량:8-10)","2","Very Low","2","","","","","","","81%-90%","2","Cumulus","2","Calm-ripples ","2","","","0.3- 1.5 ","2","SE ","2"
"정선해양관측","307-08","1968-10-17 04:15:00","124.7917","36.925","0","0","","1018","2","18.5","2","개임(운량:3-7)","2","Low","2","NW ","2","","","15.5","2","51%-60%","2","Nimbostratus","2","Smooth-wavelets ","2","NW ","2","3.4- 5.4 ","2","NW ","2"
"정선해양관측","307-08","1968-12-18 09:10:00","124.7917","36.925","0","0","","1022.5","2","8.5","2","흐림(운량:8-10)","2","Low","2","NE ","2","FOREL-ULE SCALE V","2","7","2","81%-90%","2","Stratus","2","Smooth-wavelets ","2","NE ","2","3.4- 5.4 ","2","NE ","2"
"정선해양관측","307-09","1968-03-09 20:40:00","124.58","36.925","0","0","","1028.5","2","3.3","2","개임(운량:3-7)","2","Very Low","2","W  ","2","","","2.5","2","31%-40%","2","Cirrus","2","Smooth-wavelets ","2","W  ","2","0.3- 1.5 ","2","W  ","2"
"정선해양관측","307-09","1968-04-11 20:55:00","124.58","36.925","0","0","","1019.4","2","4.9","2","개임(운량:3-7)","2","Very Low","2","","","FOREL-ULE SCALE III","2","","","21%-30%","2","Cirrus","2","Calm-ripples ","2","","","0.3- 1.5 ","2","W  ","2"
"정선해양관측","307-09","1968-06-14 20:30:00","124.58","36.925","0","0","","1009","2","19.5","2","개임(운량:3-7)","2","Very Low","2","SW ","2","","","","","51%-60%","2","Altostratus","2","Calm-ripples ","2","SW ","2","0.3- 1.5 ","2","SW ","2"
"정선해양관측","307-09","1968-08-13 02:25:00","124.58","36.925","0","0","","1008","2","27.7","2","흐림(운량:8-10)","2","Very Low","2","","","","","","","81%-90%","2","Cumulus","2","Calm-ripples ","2","","","1.6- 3.3 ","2","SE ","2"
"정선해양관측","307-09","1968-10-17 02:30:00","124.58","36.925","0","0","","1019","2","18.7","2","비","2","Low","2","NW ","2","","","15.6","2","91%-100%","2","Nimbostratus","2","Smooth-wavelets ","2","NW ","2","3.4- 5.4 ","2","NW ","2"
"정선해양관측","307-09","1968-12-18 07:25:00","124.58","36.925","0","0","","1022","2","7.9","2","흐림(운량:8-10)","2","Low","2","NE ","2","","","7.3","2","81%-90%","2","Stratus","2","Smooth-wavelets ","2","NE ","2","3.4- 5.4 ","2","NE ","2"
"정선해양관측","307-10","1968-03-09 19:30:00","124.3717","36.925","0","0","","1028.3","2","2.9","2","쾌청(운량:0-2)","2","Very Low","2","W  ","2","","","1.9","2","11%-20%","2","Cirrus","2","Smooth-wavelets ","2","W  ","2","0.3- 1.5 ","2","W  ","2"
"정선해양관측","307-10","1968-04-11 21:55:00","124.3717","36.925","0","0","","1019.5","2","4.9","2","","","Low","2","","","","","","","","","","","Smooth-wavelets ","2","","","1.6- 3.3 ","2","N  ","2"
"정선해양관측","307-10","1968-04-11 22:55:00","124.3717","36.925","0","0","","1019.5","2","4.9","2","","","Low","2","","","","","","","","","","","Smooth-wavelets ","2","","","1.6- 3.3 ","2","N  ","2"
"정선해양관측","307-10","1968-06-14 21:50:00","124.3717","36.925","0","0","","1009","2","18.9","2","","","Low","2","SW ","2","","","","","","","","","Smooth-wavelets ","2","SW ","2","1.6- 3.3 ","2","SW ","2"
"정선해양관측","307-10","1968-08-13 03:55:00","124.3717","36.925","0","0","","1007","2","28.2","2","","","","","","","","","","","","","","","","","","","3.4- 5.4 ","2","SE ","2"
"정선해양관측","307-10","1968-10-17 00:45:00","124.3717","36.925","0","0","","1019","2","19","2","비","2","Low","2","NW ","2","","","17.5","2","91%-100%","2","Nimbostratus","2","Smooth-wavelets ","2","NW ","2","3.4- 5.4 ","2","NW ","2"
"정선해양관측","307-10","1968-12-18 05:40:00","124.3717","36.925","0","0","","1023","2","9.8","2","개임(운량:3-7)","2","Low","2","SW ","2","","","8.2","2","51%-60%","2","Cumulus","2","Smooth-wavelets ","2","SW ","2","3.4- 5.4 ","2","SW ","2"
"정선해양관측","308-01","1968-03-04 15:20:00","126.24","36.33","0","0","","1015.3","2","4.3","2","개임(운량:3-7)","2","Low","2","SW ","2","","","3.4","2","61%-70%","2","Cirrus","2","Slight ","2","SW ","2","1.6- 3.3 ","2","SSE","2"
"정선해양관측","308-01","1968-04-11 07:25:00","126.24","36.33","0","0","","1021","2","4","2","개임(운량:3-7)","2","Very Low","2","","","FOREL-ULE SCALE VII","2","","","31%-40%","2","Altostratus","2","Calm-ripples ","2","","","0 - 0.2 ","2","NW ","2"
"정선해양관측","308-01","1968-04-30 13:00:00","126.24","36.33","0","0","","1020","2","13.4","2","쾌청(운량:0-2)","2","Low","2","","","FOREL-ULE SCALE IV","2","","","","","","","Calm-ripples ","2","","","0 - 0.2 ","2","SW ","2"
"정선해양관측","308-01","1968-06-15 14:00:00","126.24","36.33","0","0","","1008.5","2","17.1","2","안개(Fog)","2","Low","2","SE ","2","FOREL-ULE SCALE VI","2","","","91%-100%","2","Stratus","2","Calm-ripples ","2","SE ","2","0 - 0.2 ","2","SE ","2"
"정선해양관측","308-01","1968-08-12 12:45:00","126.24","36.33","0","0","","1010.7","2","27.8","2","","","Very Low","2","","","FOREL-ULE SCALE VI","2","","","","","","","Smooth-wavelets ","2","","","0.3- 1.5 ","2","E  ","2"
"정선해양관측","308-01","1968-10-15 20:05:00","126.24","36.33","0","0","","1023","2","18.7","2","개임(운량:3-7)","2","Low","2","NW ","2","","","16.5","2","21%-30%","2","Cumulus","2","Slight ","2","NW ","2","1.6- 3.3 ","2","NW ","2"
"정선해양관측","308-01","1968-12-11 03:10:00","126.24","36.33","0","0","","1018","2","15.5","2","흐림(운량:8-10)","2","Very Low","2","NW ","2","","","15","2","71%-80%","2","Nimbostratus","2","Calm-ripples ","2","NW ","2","0.3- 1.5 ","2","NW ","2"
"정선해양관측","308-02","1968-03-04 14:00:00","126.0383","36.33","0","0","","1015.6","2","4.6","2","쾌청(운량:0-2)","2","Low","2","SW ","2","FOREL-ULE SCALE VIII","2","3.7","2","11%-20%","2","Cirrus","2","Slight ","2","SW ","2","1.6- 3.3 ","2","SSE","2"
"정선해양관측","308-02","1968-04-11 02:00:00","126.0383","36.33","0","0","","1020.1","2","5.8","2","개임(운량:3-7)","2","Very Low","2","","","","","","","41%-50%","2","Altostratus","2","Calm-ripples ","2","","","0.3- 1.5 ","2","S  ","2"
"정선해양관측","308-02","1968-04-30 14:20:00","126.0383","36.33","0","0","","1018.5","2","13.1","2","쾌청(운량:0-2)","2","Low","2","","","FOREL-ULE SCALE III","2","","","","","","","Calm-ripples ","2","","","0 - 0.2 ","2","SW ","2"
"정선해양관측","308-02","1968-06-15 12:40:00","126.0383","36.33","0","0","","1008","2","15.7","2","흐림(운량:8-10)","2","Low","2","SE ","2","FOREL-ULE SCALE VI","2","","","91%-100%","2","Nimbostratus","2","Calm-ripples ","2","SE ","2","0 - 0.2 ","2","SE ","2"
"정선해양관측","308-02","1968-08-12 11:20:00","126.0383","36.33","0","0","","1010.7","2","27.2","2","개임(운량:3-7)","2","","","","","FOREL-ULE SCALE VI","2","","","51%-60%","2","Altostratus","2","Smooth-wavelets ","2","","","3.4- 5.4 ","2","E  ","2"
"정선해양관측","308-02","1968-10-15 21:45:00","126.0383","36.33","0","0","","1023","2","18.5","2","개임(운량:3-7)","2","Low","2","NW ","2","","","16","2","21%-30%","2","Cirrus","2","Slight ","2","NW ","2","1.6- 3.3 ","2","NW ","2"
"정선해양관측","308-02","1968-12-11 04:45:00","126.0383","36.33","0","0","","1018.5","2","15.4","2","개임(운량:3-7)","2","Very Low","2","NW ","2","","","15","2","21%-30%","2","Stratus","2","Calm-ripples ","2","NW ","2","0.3- 1.5 ","2","NW ","2"
"정선해양관측","308-03","1968-03-04 13:00:00","125.833","36.33","0","0","","1016","2","4.8","2","쾌청(운량:0-2)","2","Low","2","SW ","2","FOREL-ULE SCALE VIII","2","3.9","2","11%-20%","2","Cirrus","2","Slight ","2","SW ","2","1.6- 3.3 ","2","SSE","2"
"정선해양관측","308-03","1968-04-11 04:00:00","125.833","36.33","0","0","","1019.2","2","5.8","2","개임(운량:3-7)","2","Very Low","2","","","","","","","41%-50%","2","Nimbostratus","2","Calm-ripples ","2","","","0.3- 1.5 ","2","SW ","2"
"정선해양관측","308-03","1968-04-30 15:45:00","125.833","36.33","0","0","","1017.3","2","12.3","2","쾌청(운량:0-2)","2","Low","2","","","FOREL-ULE SCALE IV","2","","","","","","","Calm-ripples ","2","","","0 - 0.2 ","2","SW ","2"
"정선해양관측","308-03","1968-06-15 11:25:00","125.833","36.33","0","0","","1008.5","2","16","2","흐림(운량:8-10)","2","Very Low","2","SW ","2","FOREL-ULE SCALE IV","2","","","91%-100%","2","Nimbostratus","2","Calm-ripples ","2","SW ","2","0.3- 1.5 ","2","SW ","2"
"정선해양관측","308-03","1968-08-12 10:00:00","125.833","36.33","0","0","","1010.9","2","27.1","2","쾌청(운량:0-2)","2","Very Low","2","","","FOREL-ULE SCALE VI","2","","","11%-20%","2","Altostratus","2","Slight ","2","","","3.4- 5.4 ","2","E  ","2"
"정선해양관측","308-03","1968-10-16 08:10:00","125.833","36.33","0","0","","1023","2","18.1","2","흐림(운량:8-10)","2","Low","2","NW ","2","FOREL-ULE SCALE VI","2","16.4","2","91%-100%","2","Nimbostratus","2","Calm-ripples ","2","NW ","2","1.6- 3.3 ","2","NW ","2"
"정선해양관측","308-03","1968-12-11 06:30:00","125.833","36.33","0","0","","1019.5","2","15","2","흐림(운량:8-10)","2","Very Low","2","NW ","2","","","14.5","2","81%-90%","2","Stratus","2","Smooth-wavelets ","2","NW ","2","1.6- 3.3 ","2","NW ","2"
"정선해양관측","308-04","1968-03-04 11:40:00","125.6167","36.33","0","0","","1016.8","2","4.5","2","개임(운량:3-7)","2","Low","2","SW ","2","FOREL-ULE SCALE VII","2","3.7","2","21%-30%","2","Altostratus","2","Slight ","2","SW ","2","1.6- 3.3 ","2","SSE","2"
"정선해양관측","308-04","1968-04-10 23:15:00","125.6167","36.33","0","0","","1018.8","2","5.9","2","개임(운량:3-7)","2","Low","2","","","","","","","51%-60%","2","Nimbostratus","2","Calm-ripples ","2","","","0.3- 1.5 ","2","SW ","2"
"정선해양관측","308-04","1968-06-15 10:10:00","125.6167","36.33","0","0","","1008.5","2","15.8","2","흐림(운량:8-10)","2","Very Low","2","SE ","2","FOREL-ULE SCALE IV","2","","","81%-90%","2","Nimbostratus","2","Calm-ripples ","2","SE ","2","0 - 0.2 ","2","SE ","2"
"정선해양관측","308-04","1968-08-12 08:30:00","125.6167","36.33","0","0","","1010","2","27.1","2","개임(운량:3-7)","2","Very Low","2","","","FOREL-ULE SCALE VI","2","","","41%-50%","2","Cumulus","2","Smooth-wavelets ","2","","","1.6- 3.3 ","2","E  ","2"
"정선해양관측","308-04","1968-10-16 09:45:00","125.6167","36.33","0","0","","1023","2","18.8","2","흐림(운량:8-10)","2","Low","2","SE ","2","FOREL-ULE SCALE IV","2","16.5","2","71%-80%","2","Cumulus","2","Smooth-wavelets ","2","SE ","2","0.3- 1.5 ","2","SE ","2"
"정선해양관측","308-04","1968-12-11 08:15:00","125.6167","36.33","0","0","","1020","2","14.4","2","흐림(운량:8-10)","2","Very Low","2","NW ","2","FOREL-ULE SCALE VII","2","13.6","2","81%-90%","2","Stratus","2","Smooth-wavelets ","2","NW ","2","1.6- 3.3 ","2","NW ","2"
"정선해양관측","308-05","1968-03-04 10:30:00","125.4217","36.33","0","0","","1017.1","2","4.2","2","개임(운량:3-7)","2","Low","2","SW ","2","FOREL-ULE SCALE VII","2","3.5","2","51%-60%","2","Altostratus","2","Slight ","2","SW ","2","1.6- 3.3 ","2","SSE","2"
"정선해양관측","308-05","1968-04-10 22:10:00","125.4217","36.33","0","0","","1018.8","2","5.5","2","","","Low","2","","","","","","","","","","","Smooth-wavelets ","2","","","0.3- 1.5 ","2","SW ","2"
"정선해양관측","308-05","1968-04-29 18:40:00","125.4217","36.33","0","0","","1015.9","2","11","2","쾌청(운량:0-2)","2","","","","","FOREL-ULE SCALE IV","2","","","","","","","","","","","0 - 0.2 ","2","SE ","2"
"정선해양관측","308-05","1968-06-15 08:50:00","125.4217","36.33","0","0","","1007.5","2","18.5","2","흐림(운량:8-10)","2","Very Low","2","SE ","2","FOREL-ULE SCALE IV","2","","","91%-100%","2","Nimbostratus","2","Calm-ripples ","2","SE ","2","0 - 0.2 ","2","SE ","2"
"정선해양관측","308-05","1968-08-12 06:50:00","125.4217","36.33","0","0","","1010","2","27.1","2","개임(운량:3-7)","2","Very Low","2","","","FOREL-ULE SCALE VI","2","24.9","2","11%-20%","2","Altostratus","2","Slight ","2","","","1.6- 3.3 ","2","E  ","2"
"정선해양관측","308-05","1968-10-16 11:30:00","125.4217","36.33","0","0","","1023","2","19","2","개임(운량:3-7)","2","Low","2","SW ","2","FOREL-ULE SCALE III","2","16.7","2","61%-70%","2","Cumulus","2","Slight ","2","SW ","2","0.3- 1.5 ","2","SW ","2"
"정선해양관측","308-05","1968-12-11 09:55:00","125.4217","36.33","0","0","","1021","2","14.6","2","흐림(운량:8-10)","2","Low","2","NW ","2","FOREL-ULE SCALE VI","2","14","2","81%-90%","2","Cumulus","2","Smooth-wavelets ","2","NW ","2","3.4- 5.4 ","2","NW ","2"
"정선해양관측","308-06","1968-03-04 09:20:00","125.2067","36.33","0","0","","1018.4","2","4.1","2","개임(운량:3-7)","2","Low","2","SE ","2","FOREL-ULE SCALE VII","2","3.5","2","51%-60%","2","Altostratus","2","Slight ","2","SE ","2","3.4- 5.4 ","2","SSE","2"
"정선해양관측","308-06","1968-04-10 20:50:00","125.2067","36.33","0","0","","1018.8","2","5.9","2","개임(운량:3-7)","2","Low","2","","","","","","","61%-70%","2","Nimbostratus","2","Smooth-wavelets ","2","","","0.3- 1.5 ","2","SW ","2"
"정선해양관측","308-06","1968-06-15 07:30:00","125.2067","36.33","0","0","","1008.2","2","19","2","흐림(운량:8-10)","2","Very Low","2","SE ","2","","","","","81%-90%","2","Nimbostratus","2","Calm-ripples ","2","SE ","2","0 - 0.2 ","2","SE ","2"
"정선해양관측","308-06","1968-08-12 05:10:00","125.2067","36.33","0","0","","","","25.9","2","","","","","","","","","24.7","2","","","","","","","","","1.6- 3.3 ","2","E  ","2"
"정선해양관측","308-06","1968-10-16 13:15:00","125.2067","36.33","0","0","","1025.5","2","20","2","개임(운량:3-7)","2","Low","2","SW ","2","FOREL-ULE SCALE III","2","17.2","2","61%-70%","2","Cumulus","2","Slight ","2","SW ","2","1.6- 3.3 ","2","SW ","2"
"정선해양관측","308-06","1968-12-11 11:40:00","125.2067","36.33","0","0","","1020","2","14.2","2","흐림(운량:8-10)","2","Very Low","2","NW ","2","FOREL-ULE SCALE V","2","13.6","2","71%-80%","2","Cumulus","2","Calm-ripples ","2","NW ","2","0.3- 1.5 ","2","NW ","2"
"정선해양관측","308-07","1968-03-04 08:00:00","125","36.33","0","0","","1017.9","2","4.3","2","개임(운량:3-7)","2","Low","2","SW ","2","FOREL-ULE SCALE VI","2","3.8","2","21%-30%","2","Altostratus","2","Slight ","2","SW ","2","1.6- 3.3 ","2","SSE","2"
"정선해양관측","308-07","1968-04-10 19:30:00","125","36.33","0","0","","1019.6","2","5.9","2","흐림(운량:8-10)","2","Low","2","","","FOREL-ULE SCALE V","2","","","71%-80%","2","Nimbostratus","2","Smooth-wavelets ","2","","","0.3- 1.5 ","2","SW ","2"
"정선해양관측","308-07","1968-04-29 16:00:00","125","36.33","0","0","","1018.5","2","11.5","2","쾌청(운량:0-2)","2","No Swell","2","","","FOREL-ULE SCALE IV","2","","","","","","","Calm-ripples ","2","","","0 - 0.2 ","2","NW ","2"
"정선해양관측","308-07","1968-06-15 06:10:00","125","36.33","0","0","","1008","2","19","2","","","","","","","","","","","","","","","","","","","","","",""
"정선해양관측","308-07","1968-08-12 04:00:00","125","36.33","0","0","","1009.5","2","27","2","","","","","","","","","","","","","","","","","","","3.4- 5.4 ","2","E  ","2"
"정선해양관측","308-07","1968-10-16 15:00:00","125","36.33","0","0","","1020","2","20.8","2","개임(운량:3-7)","2","Low","2","NW ","2","FOREL-ULE SCALE III","2","18.8","2","61%-70%","2","Cumulus","2","Slight ","2","NW ","2","3.4- 5.4 ","2","NW ","2"
"정선해양관측","308-07","1968-12-11 13:25:00","125","36.33","0","0","","1019","2","14.4","2","개임(운량:3-7)","2","Low","2","E  ","2","FOREL-ULE SCALE V","2","13.8","2","51%-60%","2","Cumulus","2","Calm-ripples ","2","E  ","2","0.3- 1.5 ","2","E  ","2"
"정선해양관측","308-08","1968-03-04 06:55:00","124.7917","36.33","0","0","","1017.6","2","4.9","2","개임(운량:3-7)","2","Low","2","SW ","2","","","4","2","21%-30%","2","Altostratus","2","Slight ","2","SW ","2","1.6- 3.3 ","2","W  ","2"
"정선해양관측","308-08","1968-04-10 18:10:00","124.7917","36.33","0","0","","1020","2","6","2","흐림(운량:8-10)","2","","","","","FOREL-ULE SCALE IV","2","","","71%-80%","2","Nimbostratus","2","","","","","0.3- 1.5 ","2","W  ","2"
"정선해양관측","308-08","1968-06-15 04:50:00","124.7917","36.33","0","0","","1008","2","18.5","2","","","","","","","","","","","","","","","","","","","","","",""
"정선해양관측","308-08","1968-08-12 02:30:00","124.7917","36.33","0","0","","1010.4","2","","","","","","","","","","","","","","","","","","","","","3.4- 5.4 ","2","E  ","2"
"정선해양관측","308-08","1968-10-16 16:45:00","124.7917","36.33","0","0","","1019.5","2","20.5","2","개임(운량:3-7)","2","Low","2","NW ","2","FOREL-ULE SCALE III","2","18.5","2","61%-70%","2","Cumulus","2","Smooth-wavelets ","2","NW ","2","1.6- 3.3 ","2","SW ","2"
"정선해양관측","308-08","1968-12-11 15:10:00","124.7917","36.33","0","0","","1019.5","2","13.6","2","개임(운량:3-7)","2","Very Low","2","W  ","2","FOREL-ULE SCALE III","2","12.8","2","61%-70%","2","Cumulus","2","Calm-ripples ","2","W  ","2","0.3- 1.5 ","2","W  ","2"
"정선해양관측","308-09","1968-03-04 05:25:00","124.585","36.33","0","0","","1017.5","2","4.8","2","쾌청(운량:0-2)","2","Low","2","SW ","2","","","4.1","2","Zero","2","","","Slight ","2","SW ","2","1.6- 3.3 ","2","WSW","2"
"정선해양관측","308-09","1968-04-10 16:50:00","124.585","36.33","0","0","","1020","2","6.2","2","비","2","Low","2","","","FOREL-ULE SCALE V","2","","","91%-100%","2","Nimbostratus","2","Slight ","2","","","0.3- 1.5 ","2","N  ","2"
"정선해양관측","308-09","1968-06-15 03:30:00","124.585","36.33","0","0","","1010","2","18.8","2","","","","","","","","","","","","","","","","","","","","","",""
"정선해양관측","308-09","1968-08-12 01:12:00","124.585","36.33","0","0","","1010","2","25.4","2","","","","","","","","","","","","","","","Calm-ripples ","2","","","3.4- 5.4 ","2","E  ","2"
"정선해양관측","308-09","1968-10-16 18:30:00","124.585","36.33","0","0","","1019","2","20.3","2","개임(운량:3-7)","2","Low","2","SW ","2","FOREL-ULE SCALE III","2","18.6","2","51%-60%","2","Cumulus","2","Smooth-wavelets ","2","SW ","2","1.6- 3.3 ","2","SW ","2"
"정선해양관측","308-09","1968-12-11 16:55:00","124.585","36.33","0","0","","1020","2","13","2","흐림(운량:8-10)","2","Very Low","2","NW ","2","FOREL-ULE SCALE III","2","12.5","2","71%-80%","2","Cumulus","2","Smooth-wavelets ","2","NW ","2","1.6- 3.3 ","2","NW ","2"
"정선해양관측","308-10","1968-03-04 04:00:00","124.3833","36.33","0","0","","1018.9","2","5.3","2","쾌청(운량:0-2)","2","Low","2","SW ","2","","","4.8","2","Zero","2","","","Slight ","2","SW ","2","1.6- 3.3 ","2","WSW","2"
"정선해양관측","308-10","1968-04-10 15:30:00","124.3833","36.33","0","0","","1021","2","6","2","비","2","Low","2","","","FOREL-ULE SCALE IV","2","","","91%-100%","2","Nimbostratus","2","Slight ","2","","","1.6- 3.3 ","2","N  ","2"
"정선해양관측","308-10","1968-06-15 02:10:00","124.3833","36.33","0","0","","1010","2","18.5","2","","","","","","","","","","","","","","","","","","","","","",""
"정선해양관측","308-10","1968-08-11 23:35:00","124.3833","36.33","0","0","","","","25.9","2","","","","","","","","","24.8","2","","","","","","","","","0.3- 1.5 ","2","E  ","2"
"정선해양관측","308-10","1968-10-16 20:15:00","124.3833","36.33","0","0","","1019.5","2","20","2","비","2","Low","2","NW ","2","","","18.5","2","91%-100%","2","Nimbostratus","2","Smooth-wavelets ","2","NW ","2","1.6- 3.3 ","2","NW ","2"
"정선해양관측","308-10","1968-12-11 18:40:00","124.3833","36.33","0","0","","1020.5","2","12.4","2","흐림(운량:8-10)","2","Very Low","2","NW ","2","","","11.5","2","81%-90%","2","Cumulus","2","Smooth-wavelets ","2","NW ","2","3.4- 5.4 ","2","NW ","2"
"정선해양관측","309-01","1968-02-28 08:00:00","126.245","35.855","0","0","","1026","2","3","2","개임(운량:3-7)","2","Very Low","2","E  ","2","","","2.6","2","51%-60%","2","Cirrus","2","Calm-ripples ","2","E  ","2","0.3- 1.5 ","2","E  ","2"
"정선해양관측","309-01","1968-04-07 09:35:00","126.245","35.855","0","0","","1026.1","2","10.5","2","흐림(운량:8-10)","2","Very Low","2","","","FOREL-ULE SCALE V","2","","","91%-100%","2","Nimbostratus","2","Calm-ripples ","2","","","0 - 0.2 ","2","S  ","2"
"정선해양관측","309-01","1968-06-15 17:15:00","126.245","35.855","0","0","","1008","2","18.5","2","흐림(운량:8-10)","2","Low","2","SE ","2","FOREL-ULE SCALE V","2","","","91%-100%","2","Nimbostratus","2","Calm-ripples ","2","SE ","2","0 - 0.2 ","2","SE ","2"
"정선해양관측","309-01","1968-08-10 11:20:00","126.245","35.855","0","0","","1012.3","2","24","2","개임(운량:3-7)","2","Very Low","2","","","FOREL-ULE SCALE VII","2","","","21%-30%","2","Altocumulus","2","","","","","0 - 0.2 ","2","E  ","2"
"정선해양관측","309-01","1968-10-15 16:05:00","126.245","35.855","0","0","","1023","2","19.2","2","개임(운량:3-7)","2","Low","2","NW ","2","FOREL-ULE SCALE VI","2","17.2","2","21%-30%","2","Cumulus","2","Smooth-wavelets ","2","NW ","2","1.6- 3.3 ","2","NW ","2"
"정선해양관측","309-01","1968-12-10 22:50:00","126.245","35.855","0","0","","1018.5","2","16","2","흐림(운량:8-10)","2","Low","2","NW ","2","","","15","2","71%-80%","2","Nimbostratus","2","Smooth-wavelets ","2","NW ","2","1.6- 3.3 ","2","NW ","2"
"정선해양관측","309-02","1968-02-28 09:45:00","126.033","35.855","0","0","","1025.9","2","5.7","2","개임(운량:3-7)","2","Very Low","2","ESE","2","FOREL-ULE SCALE VIII","2","5.1","2","51%-60%","2","Cirrus","2","Smooth-wavelets ","2","ESE","2","0.3- 1.5 ","2","ESE","2"
"정선해양관측","309-02","1968-04-07 11:15:00","126.033","35.855","0","0","","1026.1","2","8.2","2","흐림(운량:8-10)","2","Low","2","","","FOREL-ULE SCALE V","2","","","91%-100%","2","Nimbostratus","2","Calm-ripples ","2","","","0.3- 1.5 ","2","S  ","2"
"정선해양관측","309-02","1968-06-15 18:30:00","126.033","35.855","0","0","","1007","2","19.3","2","개임(운량:3-7)","2","Low","2","NE ","2","FOREL-ULE SCALE V","2","","","41%-50%","2","Altostratus","2","Calm-ripples ","2","NE ","2","1.6- 3.3 ","2","NE ","2"
"정선해양관측","309-02","1968-08-10 08:30:00","126.033","35.855","0","0","","1010.2","2","24.2","2","쾌청(운량:0-2)","2","Very Low","2","","","FOREL-ULE SCALE VII","2","","","1%-10%","2","Altocumulus","2","Calm-ripples ","2","","","0.3- 1.5 ","2","NE ","2"
"정선해양관측","309-02","1968-10-15 14:20:00","126.033","35.855","0","0","","1023","2","19.5","2","쾌청(운량:0-2)","2","Low","2","NW ","2","FOREL-ULE SCALE VI","2","17.4","2","11%-20%","2","Cumulus","2","Smooth-wavelets ","2","NW ","2","1.6- 3.3 ","2","NW ","2"
"정선해양관측","309-02","1968-12-10 21:05:00","126.033","35.855","0","0","","1019","2","16.2","2","흐림(운량:8-10)","2","Low","2","NW ","2","","","15","2","71%-80%","2","Stratus","2","Smooth-wavelets ","2","NW ","2","1.6- 3.3 ","2","NW ","2"
"정선해양관측","309-03","1968-03-03 16:05:00","125.8217","35.855","0","0","","1023.6","2","4.6","2","쾌청(운량:0-2)","2","Low","2","NW ","2","FOREL-ULE SCALE VII","2","3.5","2","","","","","Calm-ripples ","2","NW ","2","0.3- 1.5 ","2","NW ","2"
"정선해양관측","309-03","1968-04-07 12:10:00","125.8217","35.855","0","0","","1026","2","8","2","흐림(운량:8-10)","2","Low","2","","","FOREL-ULE SCALE V","2","","","91%-100%","2","Nimbostratus","2","Calm-ripples ","2","","","0.3- 1.5 ","2","S  ","2"
"정선해양관측","309-03","1968-06-15 19:45:00","125.8217","35.855","0","0","","1007.5","2","19.8","2","개임(운량:3-7)","2","Very Low","2","W  ","2","FOREL-ULE SCALE V","2","","","41%-50%","2","Altostratus","2","Calm-ripples ","2","W  ","2","0 - 0.2 ","2","W  ","2"
"정선해양관측","309-03","1968-08-10 07:20:00","125.8217","35.855","0","0","","1010.2","2","24.3","2","쾌청(운량:0-2)","2","Very Low","2","","","FOREL-ULE SCALE VI","2","","","1%-10%","2","Altocumulus","2","Calm-ripples ","2","","","0.3- 1.5 ","2","NE ","2"
"정선해양관측","309-03","1968-10-15 12:35:00","125.8217","35.855","0","0","","1022.5","2","19.5","2","쾌청(운량:0-2)","2","Low","2","NW ","2","FOREL-ULE SCALE V","2","17.1","2","11%-20%","2","Cumulus","2","Smooth-wavelets ","2","NW ","2","1.6- 3.3 ","2","NW ","2"
"정선해양관측","309-03","1968-12-10 19:20:00","125.8217","35.855","0","0","","1019","2","16.5","2","흐림(운량:8-10)","2","Low","2","NW ","2","","","16","2","81%-90%","2","Stratus","2","Smooth-wavelets ","2","NW ","2","1.6- 3.3 ","2","NW ","2"
"정선해양관측","309-04","1968-03-03 17:20:00","125.6167","35.855","0","0","","1023.3","2","4.3","2","쾌청(운량:0-2)","2","Low","2","SW ","2","FOREL-ULE SCALE VII","2","3.3","2","","","","","Calm-ripples ","2","SW ","2","0.3- 1.5 ","2","WSW","2"
"정선해양관측","309-04","1968-04-07 13:25:00","125.6167","35.855","0","0","","1027.5","2","6.5","2","흐림(운량:8-10)","2","Low","2","","","FOREL-ULE SCALE V","2","","","91%-100%","2","Nimbostratus","2","Calm-ripples ","2","","","0.3- 1.5 ","2","S  ","2"
"정선해양관측","309-04","1968-04-29 08:00:00","125.6167","35.855","0","0","","1018","2","10.3","2","","","","","","","FOREL-ULE SCALE IV","2","","","","","","","","","","","0 - 0.2 ","2","S  ","2"
"정선해양관측","309-04","1968-06-16 06:20:00","125.6167","35.855","0","0","","1008.5","2","18.7","2","흐림(운량:8-10)","2","Very Low","2","NW ","2","FOREL-ULE SCALE V","2","","","71%-80%","2","Altostratus","2","Smooth-wavelets ","2","NW ","2","0.3- 1.5 ","2","NW ","2"
"정선해양관측","309-04","1968-08-11 11:50:00","125.6167","35.855","0","0","","1012.5","2","27","2","개임(운량:3-7)","2","","","","","FOREL-ULE SCALE V","2","","","61%-70%","2","Altocumulus","2","","","","","0 - 0.2 ","2","E  ","2"
"정선해양관측","309-04","1968-10-15 10:50:00","125.6167","35.855","0","0","","1022.5","2","19.8","2","개임(운량:3-7)","2","Low","2","NW ","2","FOREL-ULE SCALE IV","2","17.1","2","21%-30%","2","Cirrus","2","Smooth-wavelets ","2","NW ","2","1.6- 3.3 ","2","NW ","2"
"정선해양관측","309-04","1968-12-10 17:35:00","125.6167","35.855","0","0","","1019","2","17","2","흐림(운량:8-10)","2","Low","2","NW ","2","FOREL-ULE SCALE III","2","16.6","2","81%-90%","2","Stratus","2","Calm-ripples ","2","NW ","2","1.6- 3.3 ","2","NW ","2"
"정선해양관측","309-05","1968-03-03 18:40:00","125.4067","35.855","0","0","","1022.9","2","3.7","2","쾌청(운량:0-2)","2","Low","2","SW ","2","","","2.7","2","","","","","Calm-ripples ","2","SW ","2","0.3- 1.5 ","2","WSW","2"
"정선해양관측","309-05","1968-04-07 14:45:00","125.4067","35.855","0","0","","1025.5","2","7.6","2","흐림(운량:8-10)","2","Low","2","","","FOREL-ULE SCALE IV","2","","","91%-100%","2","Nimbostratus","2","Calm-ripples ","2","","","0.3- 1.5 ","2","S  ","2"
"정선해양관측","309-05","1968-06-16 07:40:00","125.4067","35.855","0","0","","1008.5","2","18.8","2","개임(운량:3-7)","2","Very Low","2","NW ","2","FOREL-ULE SCALE III","2","","","61%-70%","2","Altostratus","2","Smooth-wavelets ","2","NW ","2","0.3- 1.5 ","2","NW ","2"
"정선해양관측","309-05","1968-08-11 12:30:00","125.4067","35.855","0","0","","1012.5","2","26.5","2","흐림(운량:8-10)","2","","","","","FOREL-ULE SCALE IV","2","","","71%-80%","2","Altocumulus","2","","","","","0 - 0.2 ","2","E  ","2"
"정선해양관측","309-05","1968-10-15 09:50:00","125.4067","35.855","0","0","","1022","2","19.5","2","개임(운량:3-7)","2","Low","2","NW ","2","FOREL-ULE SCALE IV","2","16.6","2","21%-30%","2","Cirrus","2","Smooth-wavelets ","2","NW ","2","1.6- 3.3 ","2","NW ","2"
"정선해양관측","309-05","1968-12-10 15:50:00","125.4067","35.855","0","0","","1019","2","16.8","2","흐림(운량:8-10)","2","Low","2","NW ","2","FOREL-ULE SCALE III","2","16.3","2","81%-90%","2","Stratus","2","Smooth-wavelets ","2","NW ","2","1.6- 3.3 ","2","NW ","2"
"정선해양관측","309-06","1968-03-03 19:55:00","125.205","35.855","0","0","","1023.1","2","4","2","쾌청(운량:0-2)","2","Low","2","SW ","2","","","3.2","2","","","","","Calm-ripples ","2","SW ","2","0.3- 1.5 ","2","WSW","2"
"정선해양관측","309-06","1968-04-07 16:05:00","125.205","35.855","0","0","","1025","2","6.1","2","흐림(운량:8-10)","2","Low","2","","","FOREL-ULE SCALE IV","2","","","91%-100%","2","Nimbostratus","2","Calm-ripples ","2","","","0.3- 1.5 ","2","S  ","2"
"정선해양관측","309-06","1968-04-29 13:30:00","125.205","35.855","0","0","","1018","2","11.6","2","개임(운량:3-7)","2","Low","2","","","FOREL-ULE SCALE IV","2","","","31%-40%","2","Cirrus","2","Calm-ripples ","2","","","0 - 0.2 ","2","NW ","2"
"정선해양관측","309-06","1968-06-16 09:00:00","125.205","35.855","0","0","","1009","2","19.5","2","개임(운량:3-7)","2","Low","2","NW ","2","FOREL-ULE SCALE IV","2","","","51%-60%","2","Altostratus","2","Smooth-wavelets ","2","NW ","2","0.3- 1.5 ","2","NW ","2"
"정선해양관측","309-06","1968-08-11 13:55:00","125.205","35.855","0","0","","1011.9","2","26.9","2","흐림(운량:8-10)","2","","","","","FOREL-ULE SCALE V","2","23.2","2","81%-90%","2","Altocumulus","2","","","","","0 - 0.2 ","2","E  ","2"
"정선해양관측","309-06","1968-10-15 07:50:00","125.205","35.855","0","0","","1021.5","2","18.7","2","개임(운량:3-7)","2","Low","2","NW ","2","FOREL-ULE SCALE IV","2","16.1","2","21%-30%","2","Cirrus","2","Smooth-wavelets ","2","NW ","2","1.6- 3.3 ","2","NW ","2"
"정선해양관측","309-06","1968-12-10 14:05:00","125.205","35.855","0","0","","1019","2","16.5","2","개임(운량:3-7)","2","Very Low","2","","","FOREL-ULE SCALE III","2","16","2","61%-70%","2","Stratus","2","Calm-ripples ","2","","","0 - 0.2 ","2","NW ","2"
"정선해양관측","309-07","1968-03-03 21:15:00","125","35.855","0","0","","1023.1","2","4","2","쾌청(운량:0-2)","2","Low","2","SW ","2","","","3.2","2","","","","","Calm-ripples ","2","SW ","2","0.3- 1.5 ","2","WSW","2"
"정선해양관측","309-07","1968-04-07 08:00:00","125","35.855","0","0","","1019.5","2","5.7","2","흐림(운량:8-10)","2","Low","2","","","FOREL-ULE SCALE IV","2","","","71%-80%","2","Nimbostratus","2","Slight ","2","","","1.6- 3.3 ","2","NW ","2"
"정선해양관측","309-07","1968-04-07 18:00:00","125","35.855","0","0","","1019.5","2","5.7","2","흐림(운량:8-10)","2","Low","2","","","FOREL-ULE SCALE IV","2","","","71%-80%","2","Nimbostratus","2","Slight ","2","","","1.6- 3.3 ","2","NW ","2"
"정선해양관측","309-07","1968-06-15 10:20:00","125","35.855","0","0","","1008.5","2","21.9","2","개임(운량:3-7)","2","Low","2","NW ","2","FOREL-ULE SCALE IV","2","","","41%-50%","2","Altostratus","2","Calm-ripples ","2","NW ","2","0 - 0.2 ","2","NW ","2"
"정선해양관측","309-07","1968-06-16 10:20:00","125","35.855","0","0","","1008.5","2","21.9","2","개임(운량:3-7)","2","Low","2","NW ","2","FOREL-ULE SCALE IV","2","","","41%-50%","2","Altostratus","2","Calm-ripples ","2","NW ","2","0 - 0.2 ","2","NW ","2"
"정선해양관측","309-07","1968-08-11 15:25:00","125","35.855","0","0","","1012","2","27.1","2","흐림(운량:8-10)","2","Very Low","2","","","FOREL-ULE SCALE III","2","","","71%-80%","2","Cumulus","2","Calm-ripples ","2","","","0 - 0.2 ","2","E  ","2"
"정선해양관측","309-07","1968-10-15 05:35:00","125","35.855","0","0","","1021.5","2","19","2","개임(운량:3-7)","2","Low","2","NW ","2","","","16.4","2","21%-30%","2","Cumulus","2","Smooth-wavelets ","2","NW ","2","1.6- 3.3 ","2","NW ","2"
"정선해양관측","309-07","1968-12-10 12:25:00","125","35.855","0","0","","1020","2","16.5","2","흐림(운량:8-10)","2","Very Low","2","NW ","2","FOREL-ULE SCALE III","2","16","2","71%-80%","2","Stratus","2","Smooth-wavelets ","2","NW ","2","0 - 0.2 ","2","NW ","2"
"정선해양관측","309-08","1968-03-03 22:35:00","124.7967","35.855","0","0","","1022.9","2","4.2","2","쾌청(운량:0-2)","2","Low","2","SW ","2","","","3.6","2","","","","","Calm-ripples ","2","SW ","2","1.6- 3.3 ","2","WSW","2"
"정선해양관측","309-08","1968-04-10 09:15:00","124.7967","35.855","0","0","","1020","2","5.7","2","흐림(운량:8-10)","2","Low","2","","","FOREL-ULE SCALE IV","2","","","71%-80%","2","Nimbostratus","2","Slight ","2","","","1.6- 3.3 ","2","NW ","2"
"정선해양관측","309-08","1968-06-15 11:40:00","124.7967","35.855","0","0","","1008","2","19.3","2","흐림(운량:8-10)","2","Low","2","NW ","2","FOREL-ULE SCALE IV","2","","","71%-80%","2","Altostratus","2","Smooth-wavelets ","2","NW ","2","1.6- 3.3 ","2","NW ","2"
"정선해양관측","309-08","1968-06-16 11:40:00","124.7967","35.855","0","0","","1008","2","19.3","2","흐림(운량:8-10)","2","Low","2","NW ","2","FOREL-ULE SCALE IV","2","","","71%-80%","2","Altostratus","2","Smooth-wavelets ","2","NW ","2","1.6- 3.3 ","2","NW ","2"
"정선해양관측","309-08","1968-08-11 16:45:00","124.7967","35.855","0","0","","1011","2","26.9","2","흐림(운량:8-10)","2","Very Low","2","","","FOREL-ULE SCALE III","2","","","71%-80%","2","Cumulus","2","Calm-ripples ","2","","","0 - 0.2 ","2","E  ","2"
"정선해양관측","309-08","1968-10-15 03:50:00","124.7967","35.855","0","0","","1021.5","2","19","2","개임(운량:3-7)","2","Low","2","W  ","2","","","16.5","2","21%-30%","2","Cumulus","2","Smooth-wavelets ","2","W  ","2","1.6- 3.3 ","2","NW ","2"
"정선해양관측","309-08","1968-12-10 10:40:00","124.7967","35.855","0","0","","1020","2","16.8","2","흐림(운량:8-10)","2","Very Low","2","NW ","2","FOREL-ULE SCALE III","2","16.1","2","71%-80%","2","Stratus","2","Calm-ripples ","2","NW ","2","0 - 0.2 ","2","NW ","2"
"정선해양관측","309-09","1968-03-04 00:00:00","124.585","35.855","0","0","","1021.8","2","4.9","2","쾌청(운량:0-2)","2","Low","2","SW ","2","","","4.1","2","","","","","Smooth-wavelets ","2","SW ","2","1.6- 3.3 ","2","WSW","2"
"정선해양관측","309-09","1968-04-10 10:30:00","124.585","35.855","0","0","","1020.5","2","6","2","비","2","Low","2","","","FOREL-ULE SCALE III","2","","","91%-100%","2","Nimbostratus","2","Slight ","2","","","3.4- 5.4 ","2","N  ","2"
"정선해양관측","309-09","1968-06-15 13:00:00","124.585","35.855","0","0","","1008","2","20.7","2","개임(운량:3-7)","2","Low","2","NW ","2","FOREL-ULE SCALE IV","2","","","51%-60%","2","Altostratus","2","Smooth-wavelets ","2","NW ","2","0.3- 1.5 ","2","NW ","2"
"정선해양관측","309-09","1968-06-16 13:00:00","124.585","35.855","0","0","","1008","2","20.7","2","개임(운량:3-7)","2","Low","2","NW ","2","FOREL-ULE SCALE IV","2","","","51%-60%","2","Altostratus","2","Smooth-wavelets ","2","NW ","2","0.3- 1.5 ","2","NW ","2"
"정선해양관측","309-09","1968-08-11 18:25:00","124.585","35.855","0","0","","1011","2","26.9","2","흐림(운량:8-10)","2","Very Low","2","","","FOREL-ULE SCALE III","2","","","71%-80%","2","Cumulus","2","Calm-ripples ","2","","","0 - 0.2 ","2","E  ","2"
"정선해양관측","309-09","1968-10-15 02:50:00","124.585","35.855","0","0","","1021.5","2","19.2","2","개임(운량:3-7)","2","Low","2","NW ","2","","","16.6","2","21%-30%","2","Cumulus","2","Smooth-wavelets ","2","NW ","2","1.6- 3.3 ","2","NW ","2"
"정선해양관측","309-09","1968-12-10 08:55:00","124.585","35.855","0","0","","1019.5","2","16.5","2","흐림(운량:8-10)","2","Very Low","2","NW ","2","FOREL-ULE SCALE III","2","16","2","81%-90%","2","Nimbostratus","2","Calm-ripples ","2","NW ","2","0 - 0.2 ","2","NW ","2"
"정선해양관측","309-10","1968-03-04 01:10:00","124.38","35.855","0","0","","1020.8","2","5.4","2","쾌청(운량:0-2)","2","Low","2","SW ","2","","","4.8","2","","","","","Slight ","2","SW ","2","1.6- 3.3 ","2","SW ","2"
"정선해양관측","309-10","1968-04-10 11:50:00","124.38","35.855","0","0","","1021","2","5","2","비","2","Low","2","","","FOREL-ULE SCALE IV","2","","","91%-100%","2","Nimbostratus","2","Slight ","2","","","3.4- 5.4 ","2","N  ","2"
"정선해양관측","309-10","1968-06-16 14:20:00","124.38","35.855","0","0","","1007.5","2","19.3","2","개임(운량:3-7)","2","Low","2","SW ","2","FOREL-ULE SCALE IV","2","","","41%-50%","2","Altostratus","2","Smooth-wavelets ","2","SW ","2","1.6- 3.3 ","2","SW ","2"
"정선해양관측","309-10","1968-08-11 19:45:00","124.38","35.855","0","0","","1010.2","2","26.1","2","개임(운량:3-7)","2","Very Low","2","","","FOREL-ULE SCALE III","2","","","61%-70%","2","Cumulus","2","Calm-ripples ","2","","","0.3- 1.5 ","2","E  ","2"
"정선해양관측","309-10","1968-10-15 00:20:00","124.38","35.855","0","0","","1020","2","19.9","2","개임(운량:3-7)","2","Low","2","NW ","2","","","17","2","21%-30%","2","Cumulus","2","Smooth-wavelets ","2","NW ","2","1.6- 3.3 ","2","NW ","2"
"정선해양관측","309-10","1968-12-10 07:15:00","124.38","35.855","0","0","","1019.5","2","16.2","2","흐림(운량:8-10)","2","Very Low","2","NW ","2","","","15.9","2","81%-90%","2","Stratus","2","Calm-ripples ","2","NW ","2","0 - 0.2 ","2","NW ","2"
"정선해양관측","310-03","1968-02-28 04:00:00","125.8217","35.335","0","0","","1025.2","2","3.4","2","쾌청(운량:0-2)","2","Very Low","2","E  ","2","","","2.8","2","Zero","2","","","Smooth-wavelets ","2","E  ","2","0.3- 1.5 ","2","E  ","2"
"정선해양관측","310-03","1968-04-06 07:50:00","125.8217","35.335","0","0","","1021.8","2","6.5","2","쾌청(운량:0-2)","2","Very Low","2","SE ","2","FOREL-ULE SCALE VI","2","","","","","","","Calm-ripples ","2","SE ","2","0 - 0.2 ","2","SE ","2"
"정선해양관측","310-03","1968-06-13 04:00:00","125.8217","35.335","0","0","","1006.5","2","18.4","2","","","","","","","","","","","","","","","","","","","","","",""
"정선해양관측","310-03","1968-06-17 04:00:00","125.8217","35.335","0","0","","1006.5","2","18.4","2","","","","","","","","","","","","","","","","","","","","","",""
"정선해양관측","310-03","1968-08-10 04:10:00","125.8217","35.335","0","0","","1011","2","24.3","2","쾌청(운량:0-2)","2","No Swell","2","","","","","22.9","2","Zero","2","","","Calm-glassy ","2","","","0.3- 1.5 ","2","NE ","2"
"정선해양관측","310-03","1968-10-14 07:30:00","125.8217","35.335","0","0","","1020.1","2","20.1","2","흐림(운량:8-10)","2","Low","2","N  ","2","FOREL-ULE SCALE VI","2","19.2","2","71%-80%","2","Nimbostratus","2","Smooth-wavelets ","2","N  ","2","1.6- 3.3 ","2","N  ","2"
"정선해양관측","310-03","1968-12-09 14:30:00","125.8217","35.335","0","0","","1016.5","2","16.9","2","흐림(운량:8-10)","2","Very Low","2","NW ","2","FOREL-ULE SCALE VII","2","15.4","2","71%-80%","2","Stratus","2","Calm-ripples ","2","NW ","2","0 - 0.2 ","2","NW ","2"
"정선해양관측","310-04","1968-02-28 02:50:00","125.6083","35.335","0","0","","1025.7","2","4","2","쾌청(운량:0-2)","2","Low","2","S  ","2","","","3.6","2","","","","","Smooth-wavelets ","2","S  ","2","0.3- 1.5 ","2","S  ","2"
"정선해양관측","310-04","1968-04-06 06:30:00","125.6083","35.335","0","0","","1021.9","2","6.9","2","쾌청(운량:0-2)","2","Very Low","2","SE ","2","","","","","","","","","Calm-ripples ","2","SE ","2","0.3- 1.5 ","2","SE ","2"
"정선해양관측","310-04","1968-04-28 17:00:00","125.6083","35.335","0","0","","1017.5","2","14","2","쾌청(운량:0-2)","2","Very Low","2","E  ","2","FOREL-ULE SCALE IV","2","","","","","","","Calm-ripples ","2","E  ","2","0 - 0.2 ","2","E  ","2"
"정선해양관측","310-04","1968-06-17 02:40:00","125.6083","35.335","0","0","","1007.5","2","19","2","","","","","","","","","","","","","","","","","","","","","",""
"정선해양관측","310-04","1968-08-10 02:40:00","125.6083","35.335","0","0","","1010.5","2","24.8","2","","","No Swell","2","","","","","","","Zero","2","","","Calm-glassy ","2","","","0 - 0.2 ","2","NW ","2"
"정선해양관측","310-04","1968-10-14 09:20:00","125.6083","35.335","0","0","","1020.5","2","20","2","흐림(운량:8-10)","2","Low","2","N  ","2","FOREL-ULE SCALE V","2","16.2","2","91%-100%","2","Nimbostratus","2","Smooth-wavelets ","2","N  ","2","1.6- 3.3 ","2","N  ","2"
"정선해양관측","310-04","1968-12-09 16:15:00","125.6083","35.335","0","0","","1016.5","2","16.9","2","개임(운량:3-7)","2","Very Low","2","NW ","2","FOREL-ULE SCALE VI","2","15.4","2","41%-50%","2","Stratus","2","Calm-ripples ","2","NW ","2","0 - 0.2 ","2","NW ","2"
"정선해양관측","310-05","1968-02-28 01:20:00","125.4067","35.335","0","0","","1025.5","2","4.8","2","쾌청(운량:0-2)","2","Very Low","2","S  ","2","","","4.3","2","Zero","2","","","Smooth-wavelets ","2","S  ","2","1.6- 3.3 ","2","S  ","2"
"정선해양관측","310-05","1968-04-06 05:10:00","125.4067","35.335","0","0","","1021.9","2","6.9","2","쾌청(운량:0-2)","2","Very Low","2","SE ","2","","","","","","","","","Calm-ripples ","2","SE ","2","0.3- 1.5 ","2","SE ","2"
"정선해양관측","310-05","1968-06-17 01:20:00","125.4067","35.335","0","0","","1007","2","19.4","2","","","","","","","","","","","","","","","","","","","","","",""
"정선해양관측","310-05","1968-08-10 01:10:00","125.4067","35.335","0","0","","1010.2","2","25","2","쾌청(운량:0-2)","2","No Swell","2","","","","","","","Zero","2","","","Calm-glassy ","2","","","0 - 0.2 ","2","W  ","2"
"정선해양관측","310-05","1968-10-14 11:05:00","125.4067","35.335","0","0","","1021","2","20","2","개임(운량:3-7)","2","Low","2","NW ","2","FOREL-ULE SCALE V","2","15.3","2","31%-40%","2","Cumulus","2","Smooth-wavelets ","2","NW ","2","1.6- 3.3 ","2","NW ","2"
"정선해양관측","310-05","1968-12-09 18:00:00","125.4067","35.335","0","0","","1017","2","17","2","개임(운량:3-7)","2","Very Low","2","NW ","2","FOREL-ULE SCALE V","2","16.5","2","31%-40%","2","Stratus","2","Calm-ripples ","2","NW ","2","0 - 0.2 ","2","NW ","2"
"정선해양관측","310-06","1968-02-28 00:00:00","125.2017","35.335","0","0","","1025.5","2","4.9","2","쾌청(운량:0-2)","2","Very Low","2","S  ","2","","","4.2","2","Zero","2","","","Slight ","2","S  ","2","3.4- 5.4 ","2","S  ","2"
"정선해양관측","310-06","1968-04-06 03:50:00","125.2017","35.335","0","0","","1022.5","2","7.4","2","쾌청(운량:0-2)","2","Very Low","2","SE ","2","","","","","","","","","Calm-ripples ","2","SE ","2","0.3- 1.5 ","2","SE ","2"
"정선해양관측","310-06","1968-04-28 12:30:00","125.2017","35.335","0","0","","1017.3","2","11","2","쾌청(운량:0-2)","2","","","E  ","2","FOREL-ULE SCALE III","2","","","","","","","","","E  ","2","0 - 0.2 ","2","E  ","2"
"정선해양관측","310-06","1968-06-16 23:55:00","125.2017","35.335","0","0","","1006.5","2","19.5","2","","","","","","","","","","","","","","","","","","","","","",""
"정선해양관측","310-06","1968-08-09 23:35:00","125.2017","35.335","0","0","","1010","2","25.7","2","","","Very Low","2","","","","","","","","","","","Calm-glassy ","2","","","0.3- 1.5 ","2","NW ","2"
"정선해양관측","310-06","1968-10-14 12:50:00","125.2017","35.335","0","0","","1022","2","19.8","2","개임(운량:3-7)","2","Low","2","NW ","2","FOREL-ULE SCALE IV","2","16.8","2","31%-40%","2","Cumulus","2","Smooth-wavelets ","2","NW ","2","1.6- 3.3 ","2","NW ","2"
"정선해양관측","310-06","1968-12-09 19:45:00","125.2017","35.335","0","0","","1017","2","16.5","2","개임(운량:3-7)","2","Very Low","2","NW ","2","","","16.2","2","41%-50%","2","Stratus","2","Calm-ripples ","2","NW ","2","0 - 0.2 ","2","NW ","2"
"정선해양관측","310-07","1968-02-27 22:50:00","125","35.335","0","0","","1025.8","2","4.7","2","쾌청(운량:0-2)","2","Very Low","2","S  ","2","","","3.6","2","","","","","Slight ","2","S  ","2","3.4- 5.4 ","2","S  ","2"
"정선해양관측","310-07","1968-04-06 02:30:00","125","35.335","0","0","","1022","2","7.9","2","쾌청(운량:0-2)","2","Very Low","2","SE ","2","","","","","","","","","Calm-ripples ","2","SE ","2","0 - 0.2 ","2","SE ","2"
"정선해양관측","310-07","1968-06-16 22:30:00","125","35.335","0","0","","1006.5","2","19.5","2","","","","","","","","","","","","","","","","","","","","","",""
"정선해양관측","310-07","1968-08-09 22:00:00","125","35.335","0","0","","1011","2","25.9","2","개임(운량:3-7)","2","Very Low","2","","","","","","","51%-60%","2","Altocumulus","2","Calm-glassy ","2","","","0 - 0.2 ","2","NW ","2"
"정선해양관측","310-07","1968-10-14 14:35:00","125","35.335","0","0","","1020","2","20.1","2","개임(운량:3-7)","2","Low","2","NW ","2","FOREL-ULE SCALE III","2","18.4","2","31%-40%","2","Cumulus","2","Smooth-wavelets ","2","NW ","2","1.6- 3.3 ","2","NW ","2"
"정선해양관측","310-07","1968-12-09 21:30:00","125","35.335","0","0","","1018","2","16.6","2","개임(운량:3-7)","2","Very Low","2","","","","","16.2","2","21%-30%","2","Stratus","2","Calm-ripples ","2","","","0 - 0.2 ","2","NW ","2"
"정선해양관측","310-08","1968-02-27 21:30:00","124.7983","35.335","0","0","","1026.1","2","4.7","2","쾌청(운량:0-2)","2","Very Low","2","SSE","2","","","3.8","2","Zero","2","","","Slight ","2","SSE","2","1.6- 3.3 ","2","S  ","2"
"정선해양관측","310-08","1968-04-06 00:50:00","124.7983","35.335","0","0","","1022.9","2","8.5","2","쾌청(운량:0-2)","2","Very Low","2","SE ","2","","","","","","","","","Calm-ripples ","2","SE ","2","0 - 0.2 ","2","SE ","2"
"정선해양관측","310-08","1968-06-16 21:05:00","124.7983","35.335","0","0","","1006.5","2","20.5","2","","","","","","","","","","","","","","","","","","","","","",""
"정선해양관측","310-08","1968-08-09 20:50:00","124.7983","35.335","0","0","","1010.1","2","25.9","2","개임(운량:3-7)","2","Very Low","2","","","","","22.2","2","41%-50%","2","Altocumulus","2","Calm-glassy ","2","","","0 - 0.2 ","2","NW ","2"
"정선해양관측","310-08","1968-10-14 16:20:00","124.7983","35.335","0","0","","1020","2","20","2","개임(운량:3-7)","2","Low","2","NW ","2","FOREL-ULE SCALE III","2","19.1","2","41%-50%","2","Cumulus","2","Smooth-wavelets ","2","NW ","2","0.3- 1.5 ","2","NW ","2"
"정선해양관측","310-08","1968-12-09 23:15:00","124.7983","35.335","0","0","","1018","2","16.4","2","개임(운량:3-7)","2","Very Low","2","NW ","2","","","15.9","2","51%-60%","2","Stratus","2","Calm-ripples ","2","NW ","2","0 - 0.2 ","2","NW ","2"
"정선해양관측","310-09","1968-02-27 20:10:00","124.5933","35.335","0","0","","1024.9","2","4.6","2","쾌청(운량:0-2)","2","Very Low","2","S  ","2","","","3.1","2","Zero","2","","","Slight ","2","S  ","2","1.6- 3.3 ","2","S  ","2"
"정선해양관측","310-09","1968-04-05 23:50:00","124.5933","35.335","0","0","","1022.9","2","8.5","2","쾌청(운량:0-2)","2","Very Low","2","SE ","2","","","","","","","","","Calm-ripples ","2","SE ","2","0 - 0.2 ","2","SE ","2"
"정선해양관측","310-09","1968-06-16 19:45:00","124.5933","35.335","0","0","","1006","2","20.5","2","","","","","","","FOREL-ULE SCALE II","2","","","","","","","","","","","","","",""
"정선해양관측","310-09","1968-08-09 19:20:00","124.5933","35.335","0","0","","1009.6","2","26.2","2","개임(운량:3-7)","2","Low","2","","","FOREL-ULE SCALE III","2","","","31%-40%","2","Altocumulus","2","Calm-ripples ","2","","","0 - 0.2 ","2","NW ","2"
"정선해양관측","310-09","1968-10-14 18:05:00","124.5933","35.335","0","0","","1019.5","2","19.2","2","개임(운량:3-7)","2","Low","2","NW ","2","FOREL-ULE SCALE III","2","16.2","2","31%-40%","2","Cumulus","2","Smooth-wavelets ","2","NW ","2","1.6- 3.3 ","2","NW ","2"
"정선해양관측","310-09","1968-12-10 01:00:00","124.5933","35.335","0","0","","1018","2","16.4","2","흐림(운량:8-10)","2","Very Low","2","NW ","2","","","15.8","2","81%-90%","2","Stratus","2","Calm-ripples ","2","NW ","2","0 - 0.2 ","2","NW ","2"
"정선해양관측","310-10","1968-02-27 18:50:00","124.3917","35.335","0","0","","1025","2","4.4","2","쾌청(운량:0-2)","2","Very Low","2","SW ","2","","","3.4","2","11%-20%","2","Cirrus","2","Slight ","2","SW ","2","1.6- 3.3 ","2","SSE","2"
"정선해양관측","310-10","1968-04-05 22:10:00","124.3917","35.335","0","0","","1023","2","8.8","2","쾌청(운량:0-2)","2","Very Low","2","SE ","2","","","","","","","","","Calm-ripples ","2","SE ","2","0 - 0.2 ","2","SE ","2"
"정선해양관측","310-10","1968-06-16 18:20:00","124.3917","35.335","0","0","","1007","2","20.2","2","개임(운량:3-7)","2","Low","2","SW ","2","FOREL-ULE SCALE IV","2","","","41%-50%","2","Altostratus","2","Smooth-wavelets ","2","SW ","2","1.6- 3.3 ","2","SW ","2"
"정선해양관측","310-10","1968-08-09 17:40:00","124.3917","35.335","0","0","","1009.5","2","27","2","개임(운량:3-7)","2","Low","2","","","FOREL-ULE SCALE III","2","","","31%-40%","2","Cumulus","2","Calm-ripples ","2","","","0.3- 1.5 ","2","NW ","2"
"정선해양관측","310-10","1968-10-14 19:50:00","124.3917","35.335","0","0","","1019.5","2","19.5","2","개임(운량:3-7)","2","Low","2","NW ","2","","","18.8","2","41%-50%","2","Cumulus","2","Smooth-wavelets ","2","NW ","2","1.6- 3.3 ","2","NW ","2"
"정선해양관측","310-10","1968-12-10 02:45:00","124.3917","35.335","0","0","","1019","2","16","2","흐림(운량:8-10)","2","Very Low","2","NW ","2","","","15.2","2","81%-90%","2","Stratus","2","Calm-ripples ","2","NW ","2","0 - 0.2 ","2","NW ","2"
"정선해양관측","311-04","1968-02-26 12:10:00","125.7317","34.7167","0","0","","1030.2","2","3.3","2","개임(운량:3-7)","2","Very Low","2","NNE","2","FOREL-ULE SCALE VII","2","2.4","2","21%-30%","2","Cumulus","2","Slight ","2","NNE","2","1.6- 3.3 ","2","NNE","2"
"정선해양관측","311-04","1968-03-23 16:30:00","125.7317","34.7167","0","0","","1019.8","2","5.8","2","개임(운량:3-7)","2","Low","2","NW ","2","FOREL-ULE SCALE VIII","2","","","21%-30%","2","Cirrocumulus","2","Smooth-wavelets ","2","NW ","2","1.6- 3.3 ","2","NW ","2"
"정선해양관측","311-04","1968-04-05 09:10:00","125.7317","34.7167","0","0","","1023","2","8.1","2","","","Very Low","2","","","FOREL-ULE SCALE VII","2","","","","","","","Calm-ripples ","2","","","0 - 0.2 ","2","SE ","2"
"정선해양관측","311-04","1968-06-17 07:30:00","125.7317","34.7167","0","0","","1006.5","2","16.8","2","안개(Fog)","2","Very Low","2","NE ","2","FOREL-ULE SCALE VII","2","","","91%-100%","2","Stratus","2","Calm-ripples ","2","NE ","2","0 - 0.2 ","2","NE ","2"
"정선해양관측","311-04","1968-08-05 22:57:00","125.7317","34.7167","0","0","","1010.1","2","22","2","쾌청(운량:0-2)","2","Very Low","2","","","","","","","Zero","2","","","Smooth-wavelets ","2","","","0.3- 1.5 ","2","SE ","2"
"정선해양관측","311-04","1968-09-05 15:00:00","125.7317","34.7167","0","0","","1009","2","23.8","2","개임(운량:3-7)","2","Very Low","2","E  ","2","FOREL-ULE SCALE VI","2","","","91%-100%","2","Cumulonimbus","2","Smooth-wavelets ","2","E  ","2","1.6- 3.3 ","2","E  ","2"
"정선해양관측","311-04","1968-10-11 09:10:00","125.7317","34.7167","0","0","","1023","2","20.2","2","흐림(운량:8-10)","2","Low","2","NW ","2","FOREL-ULE SCALE IV","2","15.2","2","91%-100%","2","Nimbostratus","2","Smooth-wavelets ","2","NW ","2","1.6- 3.3 ","2","NW ","2"
"정선해양관측","311-04","1968-11-16 00:55:00","125.7317","34.7167","0","0","","1028","2","10.9","2","개임(운량:3-7)","2","Very Low","2","SW ","2","","","","","61%-70%","2","Altostratus","2","Calm-ripples ","2","SW ","2","0 - 0.2 ","2","SW ","2"
"정선해양관측","311-04","1968-12-06 19:30:00","125.7317","34.7167","0","0","","1023.9","2","13.1","2","흐림(운량:8-10)","2","Very Low","2","","","","","","","71%-80%","2","Cirrostratus","2","Calm-glassy ","2","E  ","2","0 - 0.2 ","2","E  ","2"
"정선해양관측","311-05","1968-02-26 11:05:00","125.5317","34.7167","0","0","","1030","2","3.3","2","개임(운량:3-7)","2","Low","2","N  ","2","FOREL-ULE SCALE VII","2","2.4","2","31%-40%","2","Cumulus","2","Slight ","2","N  ","2","1.6- 3.3 ","2","N  ","2"
"정선해양관측","311-05","1968-03-26 08:00:00","125.5317","34.7167","0","0","","1020","2","5.3","2","개임(운량:3-7)","2","Low","2","NW ","2","FOREL-ULE SCALE VIII","2","","","21%-30%","2","Altostratus","2","Smooth-wavelets ","2","NW ","2","1.6- 3.3 ","2","NW ","2"
"정선해양관측","311-05","1968-03-26 09:00:00","125.5317","34.7167","0","0","","1020","2","5.3","2","개임(운량:3-7)","2","Low","2","NW ","2","FOREL-ULE SCALE VIII","2","","","21%-30%","2","Altostratus","2","Smooth-wavelets ","2","NW ","2","1.6- 3.3 ","2","NW ","2"
"정선해양관측","311-05","1968-04-05 07:50:00","125.5317","34.7167","0","0","","1025.5","2","7.7","2","쾌청(운량:0-2)","2","Very Low","2","","","FOREL-ULE SCALE VI","2","","","","","","","Calm-ripples ","2","","","0 - 0.2 ","2","SE ","2"
"정선해양관측","311-05","1968-06-17 08:50:00","125.5317","34.7167","0","0","","1007","2","17.1","2","안개(Fog)","2","Very Low","2","SE ","2","FOREL-ULE SCALE VI","2","","","91%-100%","2","Stratus","2","Calm-ripples ","2","SE ","2","0 - 0.2 ","2","SE ","2"
"정선해양관측","311-05","1968-08-06 00:20:00","125.5317","34.7167","0","0","","1010.1","2","2.1","2","쾌청(운량:0-2)","2","Very Low","2","","","","","","","","","","","Smooth-wavelets ","2","","","0.3- 1.5 ","2","SE ","2"
"정선해양관측","311-05","1968-09-05 16:30:00","125.5317","34.7167","0","0","","1009","2","23.8","2","개임(운량:3-7)","2","Very Low","2","E  ","2","FOREL-ULE SCALE V","2","","","91%-100%","2","Cumulonimbus","2","Smooth-wavelets ","2","E  ","2","1.6- 3.3 ","2","E  ","2"
"정선해양관측","311-05","1968-10-11 07:50:00","125.5317","34.7167","0","0","","1022","2","20.1","2","흐림(운량:8-10)","2","Low","2","NW ","2","FOREL-ULE SCALE V","2","17.2","2","81%-90%","2","Altostratus","2","Smooth-wavelets ","2","NW ","2","1.6- 3.3 ","2","NW ","2"
"정선해양관측","311-05","1968-11-15 23:40:00","125.5317","34.7167","0","0","","1030","2","11.2","2","개임(운량:3-7)","2","Very Low","2","N  ","2","","","","","21%-30%","2","Cirrus","2","Calm-ripples ","2","N  ","2","0 - 0.2 ","2","N  ","2"
"정선해양관측","311-05","1968-12-06 18:00:00","125.5317","34.7167","0","0","","1024.3","2","12.6","2","개임(운량:3-7)","2","Very Low","2","SE ","2","FOREL-ULE SCALE III","2","","","61%-70%","2","Nimbostratus","2","Smooth-wavelets ","2","S  ","2","0 - 0.2 ","2","SE ","2"
"정선해양관측","311-06","1968-02-27 08:55:00","125.3233","34.7167","0","0","","1030","2","5.6","2","쾌청(운량:0-2)","2","Very Low","2","E  ","2","FOREL-ULE SCALE VII","2","5.2","2","Zero","2","","","Smooth-wavelets ","2","NW ","2","0.3- 1.5 ","2","E  ","2"
"정선해양관측","311-06","1968-03-26 09:20:00","125.3233","34.7167","0","0","","1022","2","4","2","개임(운량:3-7)","2","Very Low","2","N  ","2","FOREL-ULE SCALE VI","2","","","51%-60%","2","Nimbostratus","2","Smooth-wavelets ","2","N  ","2","0.3- 1.5 ","2","N  ","2"
"정선해양관측","311-06","1968-04-05 11:50:00","125.3233","34.7167","0","0","","1023.1","2","8.9","2","쾌청(운량:0-2)","2","Low","2","","","FOREL-ULE SCALE VI","2","","","","","","","Calm-ripples ","2","","","0 - 0.2 ","2","SE ","2"
"정선해양관측","311-06","1968-06-18 06:45:00","125.3233","34.7167","0","0","","1008","2","17.6","2","개임(운량:3-7)","2","Low","2","W  ","2","FOREL-ULE SCALE IV","2","","","21%-30%","2","Stratus","2","Calm-ripples ","2","W  ","2","0 - 0.2 ","2","W  ","2"
"정선해양관측","311-06","1968-08-09 07:10:00","125.3233","34.7167","0","0","","1009.8","2","22","2","개임(운량:3-7)","2","Low","2","","","FOREL-ULE SCALE IV","2","","","41%-50%","2","Cumulus","2","Smooth-wavelets ","2","","","0 - 0.2 ","2","W  ","2"
"정선해양관측","311-06","1968-09-06 08:50:00","125.3233","34.7167","0","0","","1011","2","24","2","쾌청(운량:0-2)","2","Low","2","NE ","2","FOREL-ULE SCALE IV","2","","","61%-70%","2","Altostratus","2","Calm-ripples ","2","NE ","2","0.3- 1.5 ","2","NE ","2"
"정선해양관측","311-06","1968-10-05 12:30:00","125.3233","34.7167","0","0","","1015","2","23.5","2","개임(운량:3-7)","2","Very Low","2","N  ","2","FOREL-ULE SCALE IV","2","22.3","2","41%-50%","2","Altostratus","2","Calm-ripples ","2","N  ","2","0 - 0.2 ","2","N  ","2"
"정선해양관측","311-06","1968-11-15 22:20:00","125.3233","34.7167","0","0","","1030","2","11.4","2","흐림(운량:8-10)","2","Very Low","2","N  ","2","","","","","91%-100%","2","Nimbostratus","2","Calm-ripples ","2","N  ","2","0 - 0.2 ","2","N  ","2"
"정선해양관측","311-06","1968-12-06 16:15:00","125.3233","34.7167","0","0","","1024","2","12.7","2","쾌청(운량:0-2)","2","Very Low","2","SE ","2","FOREL-ULE SCALE III","2","","","1%-10%","2","Cirrocumulus","2","Calm-ripples ","2","SE ","2","0 - 0.2 ","2","S  ","2"
"정선해양관측","311-07","1968-02-27 10:45:00","125","34.7167","0","0","","1029.1","2","6.4","2","쾌청(운량:0-2)","2","Very Low","2","E  ","2","FOREL-ULE SCALE VI","2","5.8","2","Zero","2","","","Smooth-wavelets ","2","E  ","2","0.3- 1.5 ","2","E  ","2"
"정선해양관측","311-07","1968-03-25 10:25:00","125","34.7167","0","0","","1020.2","2","7.3","2","쾌청(운량:0-2)","2","Very Low","2","NW ","2","FOREL-ULE SCALE V","2","","","11%-20%","2","Stratus","2","Calm-ripples ","2","NW ","2","0.3- 1.5 ","2","NW ","2"
"정선해양관측","311-07","1968-04-05 13:40:00","125","34.7167","0","0","","1023.1","2","9.5","2","쾌청(운량:0-2)","2","Very Low","2","","","FOREL-ULE SCALE V","2","","","","","","","Calm-ripples ","2","","","0 - 0.2 ","2","SE ","2"
"정선해양관측","311-07","1968-06-18 08:40:00","125","34.7167","0","0","","1008.5","2","19.3","2","안개(Fog)","2","Low","2","","","FOREL-ULE SCALE IV","2","","","21%-30%","2","Stratus","2","Calm-ripples ","2","","","0 - 0.2 ","2","W  ","2"
"정선해양관측","311-07","1968-08-09 09:05:00","125","34.7167","0","0","","1010","2","27.1","2","흐림(운량:8-10)","2","Low","2","","","FOREL-ULE SCALE III","2","","","71%-80%","2","Cumulus","2","Calm-ripples ","2","","","0 - 0.2 ","2","NW ","2"
"정선해양관측","311-07","1968-09-06 10:00:00","125","34.7167","0","0","","1010.5","2","25.1","2","쾌청(운량:0-2)","2","Low","2","NE ","2","FOREL-ULE SCALE III","2","","","31%-40%","2","Altostratus","2","Smooth-wavelets ","2","NE ","2","1.6- 3.3 ","2","NE ","2"
"정선해양관측","311-07","1968-10-05 10:00:00","125","34.7167","0","0","","1015","2","23.4","2","개임(운량:3-7)","2","Very Low","2","N  ","2","FOREL-ULE SCALE IV","2","22.2","2","61%-70%","2","Altostratus","2","Calm-ripples ","2","N  ","2","0 - 0.2 ","2","N  ","2"
"정선해양관측","311-07","1968-11-15 21:00:00","125","34.7167","0","0","","1030","2","11","2","흐림(운량:8-10)","2","Very Low","2","W  ","2","","","","","91%-100%","2","Nimbostratus","2","Calm-ripples ","2","W  ","2","0 - 0.2 ","2","W  ","2"
"정선해양관측","311-07","1968-12-06 14:00:00","125","34.7167","0","0","","1023.2","2","12.7","2","흐림(운량:8-10)","2","Very Low","2","SE ","2","FOREL-ULE SCALE III","2","","","81%-90%","2","Stratocumulus","2","Calm-ripples ","2","SE ","2","0 - 0.2 ","2","SE ","2"
"정선해양관측","311-08","1968-02-27 12:20:00","124.7983","34.7167","0","0","","1029","2","","","쾌청(운량:0-2)","2","Very Low","2","E  ","2","FOREL-ULE SCALE VI","2","","","Zero","2","","","Smooth-wavelets ","2","E  ","2","0.3- 1.5 ","2","E  ","2"
"정선해양관측","311-08","1968-04-05 15:10:00","124.7983","34.7167","0","0","","1023.2","2","9.3","2","쾌청(운량:0-2)","2","Very Low","2","","","FOREL-ULE SCALE IV","2","","","","","","","Calm-ripples ","2","","","0 - 0.2 ","2","SE ","2"
"정선해양관측","311-08","1968-06-18 09:10:00","124.7983","34.7167","0","0","","1008.5","2","20.2","2","안개(Fog)","2","Low","2","W  ","2","FOREL-ULE SCALE III","2","","","31%-40%","2","Stratus","2","Calm-ripples ","2","W  ","2","0 - 0.2 ","2","W  ","2"
"정선해양관측","311-08","1968-08-09 10:35:00","124.7983","34.7167","0","0","","1010.2","2","26","2","개임(운량:3-7)","2","Low","2","","","FOREL-ULE SCALE IV","2","","","61%-70%","2","Cumulus","2","Calm-ripples ","2","","","0.3- 1.5 ","2","NW ","2"
"정선해양관측","311-08","1968-10-05 08:15:00","124.7983","34.7167","0","0","","1015","2","23.4","2","개임(운량:3-7)","2","Very Low","2","N  ","2","FOREL-ULE SCALE IV","2","22.2","2","51%-60%","2","Altostratus","2","Calm-ripples ","2","N  ","2","0 - 0.2 ","2","N  ","2"
"정선해양관측","311-08","1968-12-06 12:30:00","124.7983","34.7167","0","0","","1023.6","2","12.4","2","흐림(운량:8-10)","2","Low","2","SE ","2","FOREL-ULE SCALE III","2","","","81%-90%","2","Stratocumulus","2","Calm-ripples ","2","SE ","2","0 - 0.2 ","2","SE ","2"
"정선해양관측","311-09","1968-02-27 13:45:00","124.5967","34.7167","0","0","","1027.7","2","5.2","2","쾌청(운량:0-2)","2","Very Low","2","E  ","2","FOREL-ULE SCALE V","2","4.2","2","Zero","2","","","Smooth-wavelets ","2","E  ","2","0.3- 1.5 ","2","ESE","2"
"정선해양관측","311-09","1968-04-05 16:30:00","124.5967","34.7167","0","0","","1023.1","2","9.3","2","쾌청(운량:0-2)","2","Very Low","2","","","FOREL-ULE SCALE VIII","2","","","","","","","Calm-ripples ","2","","","0 - 0.2 ","2","SE ","2"
"정선해양관측","311-09","1968-06-18 11:25:00","124.5967","34.7167","0","0","","1009","2","21.5","2","개임(운량:3-7)","2","Low","2","W  ","2","FOREL-ULE SCALE III","2","","","31%-40%","2","Stratocumulus","2","Calm-ripples ","2","W  ","2","0.3- 1.5 ","2","W  ","2"
"정선해양관측","311-09","1968-08-09 12:10:00","124.5967","34.7167","0","0","","1010.2","2","26.1","2","개임(운량:3-7)","2","Low","2","","","FOREL-ULE SCALE IV","2","","","41%-50%","2","Cumulus","2","Calm-ripples ","2","","","0 - 0.2 ","2","NW ","2"
"정선해양관측","311-09","1968-10-05 06:30:00","124.5967","34.7167","0","0","","1015.2","2","22.5","2","","","Very Low","2","N  ","2","","","","","","","","","Calm-ripples ","2","N  ","2","0.3- 1.5 ","2","N  ","2"
"정선해양관측","311-09","1968-12-06 11:00:00","124.5967","34.7167","0","0","","1023.5","2","12.4","2","흐림(운량:8-10)","2","Very Low","2","SE ","2","FOREL-ULE SCALE IV","2","","","81%-90%","2","Stratocumulus","2","Calm-ripples ","2","SE ","2","0 - 0.2 ","2","SE ","2"
"정선해양관측","311-10","1968-02-27 15:00:00","124.39","34.7167","0","0","","1026.5","2","5.3","2","쾌청(운량:0-2)","2","Very Low","2","E  ","2","FOREL-ULE SCALE V","2","4.8","2","11%-20%","2","Cirrus","2","Smooth-wavelets ","2","E  ","2","0.3- 1.5 ","2","ESE","2"
"정선해양관측","311-10","1968-04-05 17:50:00","124.39","34.7167","0","0","","1023.2","2","9.2","2","쾌청(운량:0-2)","2","Very Low","2","","","FOREL-ULE SCALE III","2","","","","","","","Calm-ripples ","2","","","0 - 0.2 ","2","SE ","2"
"정선해양관측","311-10","1968-06-18 12:45:00","124.39","34.7167","0","0","","1009","2","20.2","2","개임(운량:3-7)","2","Low","2","W  ","2","FOREL-ULE SCALE IV","2","","","21%-30%","2","Stratus","2","Calm-ripples ","2","W  ","2","0 - 0.2 ","2","W  ","2"
"정선해양관측","311-10","1968-08-09 13:40:00","124.39","34.7167","0","0","","1010.2","2","27.9","2","개임(운량:3-7)","2","Low","2","","","FOREL-ULE SCALE III","2","","","31%-40%","2","Cumulus","2","Calm-ripples ","2","","","0.3- 1.5 ","2","NW ","2"
"정선해양관측","311-10","1968-10-05 04:45:00","124.39","34.7167","0","0","","1015.4","2","22.1","2","","","Very Low","2","N  ","2","","","21.2","2","","","","","Calm-ripples ","2","N  ","2","0 - 0.2 ","2","N  ","2"
"정선해양관측","311-10","1968-12-06 09:30:00","124.39","34.7167","0","0","","1023.1","2","12.4","2","흐림(운량:8-10)","2","Very Low","2","SE ","2","FOREL-ULE SCALE IV","2","","","81%-90%","2","Nimbostratus","2","Calm-ripples ","2","SE ","2","0 - 0.2 ","2","SE ","2"
"정선해양관측","312-02","1968-02-17 09:30:00","126.1","33.975","0","0","","1028.2","2","7.6","2","개임(운량:3-7)","2","Very Low","2","N  ","2","FOREL-ULE SCALE VI","2","6.7","2","31%-40%","2","Cumulus","2","Calm-ripples ","2","N  ","2","0 - 0.2 ","2","N  ","2"
"정선해양관측","312-02","1968-03-31 08:30:00","126.1","33.975","0","0","","1020","2","10.6","2","흐림(운량:8-10)","2","Very Low","2","NE ","2","FOREL-ULE SCALE V","2","","","71%-80%","2","Altostratus","2","Calm-ripples ","2","NE ","2","0 - 0.2 ","2","NE ","2"
"정선해양관측","312-02","1968-04-30 08:30:00","126.1","33.975","0","0","","1020","2","10.6","2","흐림(운량:8-10)","2","Very Low","2","NE ","2","FOREL-ULE SCALE V","2","","","71%-80%","2","Altostratus","2","Calm-ripples ","2","NE ","2","0 - 0.2 ","2","NE ","2"
"정선해양관측","312-02","1968-06-19 05:30:00","126.1","33.975","0","0","","1006","2","17.4","2","","","","","","","","","","","","","","","","","","","","","",""
"정선해양관측","312-02","1968-08-05 14:15:00","126.1","33.975","0","0","","1012","2","24.9","2","개임(운량:3-7)","2","Low","2","","","FOREL-ULE SCALE III","2","24.1","2","61%-70%","2","Nimbostratus","2","Slight ","2","","","1.6- 3.3 ","2","SE ","2"
"정선해양관측","312-02","1968-09-07 12:15:00","126.1","33.975","0","0","","1010.2","2","25.3","2","흐림(운량:8-10)","2","Low","2","NE ","2","FOREL-ULE SCALE IV","2","","","91%-100%","2","Cumulonimbus","2","Calm-ripples ","2","NE ","2","0 - 0.2 ","2","NE ","2"
"정선해양관측","312-02","1968-10-04 08:00:00","126.1","33.975","0","0","","1015.5","2","22.9","2","흐림(운량:8-10)","2","Very Low","2","N  ","2","FOREL-ULE SCALE III","2","21.3","2","71%-80%","2","Stratus","2","Calm-ripples ","2","N  ","2","0.3- 1.5 ","2","N  ","2"
"정선해양관측","312-02","1968-11-15 09:30:00","126.1","33.975","0","0","","1032","2","10.2","2","쾌청(운량:0-2)","2","Low","2","N  ","2","FOREL-ULE SCALE IV","2","","","1%-10%","2","Cirrus","2","Smooth-wavelets ","2","N  ","2","0.3- 1.5 ","2","N  ","2"
"정선해양관측","312-02","1968-12-05 17:30:00","126.1","33.975","0","0","","1021.9","2","15.8","2","쾌청(운량:0-2)","2","Very Low","2","NW ","2","FOREL-ULE SCALE IV","2","15.2","2","11%-20%","2","Cirrocumulus","2","Calm-ripples ","2","NW ","2","0 - 0.2 ","2","NW ","2"
"정선해양관측","312-03","1968-02-17 11:25:00","125.9","33.9967","0","0","","1027.9","2","5.9","2","쾌청(운량:0-2)","2","Very Low","2","N  ","2","FOREL-ULE SCALE VIII","2","5.4","2","Zero","2","","","Calm-ripples ","2","N  ","2","0 - 0.2 ","2","N  ","2"
"정선해양관측","312-03","1968-03-30 20:50:00","125.9","33.9967","0","0","","1017","2","6.3","2","흐림(운량:8-10)","2","Low","2","N  ","2","FOREL-ULE SCALE VII","2","","","81%-90%","2","Nimbostratus","2","Smooth-wavelets ","2","N  ","2","0.3- 1.5 ","2","N  ","2"
"정선해양관측","312-03","1968-04-30 20:50:00","125.9","33.9967","0","0","","1017","2","6.3","2","흐림(운량:8-10)","2","Low","2","N  ","2","FOREL-ULE SCALE VII","2","","","81%-90%","2","Nimbostratus","2","Smooth-wavelets ","2","N  ","2","0.3- 1.5 ","2","N  ","2"
"정선해양관측","312-03","1968-06-19 04:10:00","125.9","33.9967","0","0","","1007","2","17.9","2","","","","","","","","","","","","","","","","","","","","","",""
"정선해양관측","312-03","1968-08-05 12:55:00","125.9","33.9967","0","0","","1012","2","24.5","2","개임(운량:3-7)","2","Low","2","","","FOREL-ULE SCALE VI","2","23.9","2","61%-70%","2","Nimbostratus","2","Calm-ripples ","2","","","0.3- 1.5 ","2","SE ","2"
"정선해양관측","312-03","1968-09-07 10:40:00","125.9","33.9967","0","0","","1011","2","26.1","2","흐림(운량:8-10)","2","Low","2","NE ","2","FOREL-ULE SCALE IV","2","","","91%-100%","2","Cumulonimbus","2","Calm-ripples ","2","NE ","2","0 - 0.2 ","2","NE ","2"
"정선해양관측","312-03","1968-10-04 10:50:00","125.9","33.9967","0","0","","1017","2","23","2","흐림(운량:8-10)","2","Very Low","2","N  ","2","FOREL-ULE SCALE II","2","21.2","2","71%-80%","2","Stratus","2","Calm-ripples ","2","N  ","2","0.3- 1.5 ","2","N  ","2"
"정선해양관측","312-03","1968-11-15 10:35:00","125.9","33.9967","0","0","","1032","2","10.4","2","쾌청(운량:0-2)","2","Low","2","N  ","2","FOREL-ULE SCALE V","2","","","1%-10%","2","Altocumulus","2","Calm-ripples ","2","N  ","2","0 - 0.2 ","2","N  ","2"
"정선해양관측","312-03","1968-12-05 19:05:00","125.9","33.9967","0","0","","1021.5","2","14.9","2","개임(운량:3-7)","2","Very Low","2","N  ","2","","","13.7","2","41%-50%","2","Cirrocumulus","2","Calm-ripples ","2","N  ","2","0 - 0.2 ","2","N  ","2"
"정선해양관측","312-04","1968-02-17 12:50:00","125.7","34.0217","0","0","","1027.5","2","6.2","2","쾌청(운량:0-2)","2","Very Low","2","NNE","2","FOREL-ULE SCALE VIII","2","5.5","2","Zero","2","","","Calm-ripples ","2","NNE","2","0.3- 1.5 ","2","NNE","2"
"정선해양관측","312-04","1968-03-30 19:25:00","125.7","34.0217","0","0","","1017","2","6.9","2","흐림(운량:8-10)","2","Low","2","N  ","2","FOREL-ULE SCALE VI","2","","","81%-90%","2","Nimbostratus","2","Smooth-wavelets ","2","N  ","2","0.3- 1.5 ","2","N  ","2"
"정선해양관측","312-04","1968-04-30 19:25:00","125.7","34.0217","0","0","","1017","2","6.9","2","흐림(운량:8-10)","2","Low","2","N  ","2","FOREL-ULE SCALE VI","2","","","81%-90%","2","Nimbostratus","2","Smooth-wavelets ","2","N  ","2","0.3- 1.5 ","2","N  ","2"
"정선해양관측","312-04","1968-06-19 02:50:00","125.7","34.0217","0","0","","1008","2","18","2","","","","","","","","","","","","","","","","","","","","","",""
"정선해양관측","312-04","1968-08-05 11:25:00","125.7","34.0217","0","0","","1012.1","2","25.1","2","흐림(운량:8-10)","2","Low","2","","","FOREL-ULE SCALE IV","2","24.1","2","71%-80%","2","Nimbostratus","2","Smooth-wavelets ","2","","","0.3- 1.5 ","2","SE ","2"
"정선해양관측","312-04","1968-09-07 09:10:00","125.7","34.0217","0","0","","1010.5","2","26.2","2","흐림(운량:8-10)","2","Low","2","NE ","2","FOREL-ULE SCALE IV","2","","","81%-90%","2","Cumulonimbus","2","Calm-ripples ","2","NE ","2","0 - 0.2 ","2","NE ","2"
"정선해양관측","312-04","1968-10-04 11:30:00","125.7","34.0217","0","0","","1017","2","23.1","2","흐림(운량:8-10)","2","Very Low","2","N  ","2","FOREL-ULE SCALE III","2","21.2","2","71%-80%","2","Stratus","2","Calm-ripples ","2","N  ","2","0.3- 1.5 ","2","N  ","2"
"정선해양관측","312-04","1968-11-15 11:45:00","125.7","34.0217","0","0","","1031.5","2","12","2","쾌청(운량:0-2)","2","Low","2","N  ","2","FOREL-ULE SCALE V","2","","","1%-10%","2","Cirrocumulus","2","Calm-ripples ","2","N  ","2","0 - 0.2 ","2","N  ","2"
"정선해양관측","312-04","1968-12-05 20:25:00","125.7","34.0217","0","0","","1022.5","2","14.8","2","쾌청(운량:0-2)","2","Very Low","2","N  ","2","","","14.2","2","1%-10%","2","Cirrocumulus","2","Calm-ripples ","2","NW ","2","0 - 0.2 ","2","N  ","2"
"정선해양관측","312-05","1968-02-17 14:25:00","125.5","34.0433","0","0","","1026.2","2","8.7","2","쾌청(운량:0-2)","2","Very Low","2","NNE","2","FOREL-ULE SCALE VIII","2","8.3","2","Zero","2","","","Calm-ripples ","2","NNE","2","0.3- 1.5 ","2","NNE","2"
"정선해양관측","312-05","1968-03-30 18:00:00","125.5","34.0433","0","0","","1015","2","7.1","2","흐림(운량:8-10)","2","Low","2","N  ","2","FOREL-ULE SCALE IV","2","","","81%-90%","2","Nimbostratus","2","Smooth-wavelets ","2","N  ","2","0.3- 1.5 ","2","N  ","2"
"정선해양관측","312-05","1968-04-30 18:00:00","125.5","34.0433","0","0","","1015","2","7.1","2","흐림(운량:8-10)","2","Low","2","N  ","2","FOREL-ULE SCALE IV","2","","","81%-90%","2","Nimbostratus","2","Smooth-wavelets ","2","N  ","2","0.3- 1.5 ","2","N  ","2"
"정선해양관측","312-05","1968-06-19 01:25:00","125.5","34.0433","0","0","","1007","2","1.8","2","","","","","","","","","0.5","2","","","","","","","","","","","",""
"정선해양관측","312-05","1968-08-05 10:05:00","125.5","34.0433","0","0","","1012.5","2","24.1","2","비","2","Low","2","","","FOREL-ULE SCALE IV","2","23.3","2","91%-100%","2","Nimbostratus","2","Slight ","2","","","1.6- 3.3 ","2","SE ","2"
"정선해양관측","312-05","1968-09-07 02:50:00","125.5","34.0433","0","0","","1002","2","24.9","2","개임(운량:3-7)","2","Low","2","NW ","2","","","4","2","61%-70%","2","Altostratus","2","Calm-ripples ","2","NW ","2","0 - 0.2 ","2","NW ","2"
"정선해양관측","312-05","1968-09-07 07:50:00","125.5","34.0433","0","0","","1002","2","24.9","2","개임(운량:3-7)","2","Low","2","NW ","2","","","4","2","61%-70%","2","Altostratus","2","Calm-ripples ","2","NW ","2","0 - 0.2 ","2","NW ","2"
"정선해양관측","312-05","1968-10-04 13:10:00","125.5","34.0433","0","0","","1017","2","23.9","2","개임(운량:3-7)","2","Very Low","2","N  ","2","FOREL-ULE SCALE III","2","21.9","2","51%-60%","2","Altostratus","2","Calm-ripples ","2","N  ","2","0.3- 1.5 ","2","N  ","2"
"정선해양관측","312-05","1968-11-15 13:35:00","125.5","34.0433","0","0","","1031.1","2","12","2","쾌청(운량:0-2)","2","Low","2","N  ","2","FOREL-ULE SCALE V","2","","","1%-10%","2","Cirrocumulus","2","Calm-ripples ","2","N  ","2","0 - 0.2 ","2","N  ","2"
"정선해양관측","312-05","1968-12-05 21:50:00","125.5","34.0433","0","0","","1023","2","13.8","2","개임(운량:3-7)","2","Very Low","2","N  ","2","","","13.2","2","31%-40%","2","Cirrostratus","2","Calm-ripples ","2","NNW","2","0 - 0.2 ","2","NNW","2"
"정선해양관측","312-06","1968-02-17 15:45:00","125.3","34.0683","0","0","","1026","2","7.2","2","쾌청(운량:0-2)","2","Very Low","2","NNE","2","FOREL-ULE SCALE VI","2","6.3","2","Zero","2","","","Calm-ripples ","2","NNE","2","0.3- 1.5 ","2","NNE","2"
"정선해양관측","312-06","1968-03-30 16:40:00","125.3","34.0683","0","0","","1014","2","7.2","2","흐림(운량:8-10)","2","Low","2","N  ","2","FOREL-ULE SCALE V","2","","","81%-90%","2","Nimbostratus","2","Smooth-wavelets ","2","N  ","2","0.3- 1.5 ","2","N  ","2"
"정선해양관측","312-06","1968-04-30 16:40:00","125.3","34.0683","0","0","","1014","2","7.2","2","흐림(운량:8-10)","2","Low","2","N  ","2","FOREL-ULE SCALE V","2","","","81%-90%","2","Nimbostratus","2","Smooth-wavelets ","2","N  ","2","0.3- 1.5 ","2","N  ","2"
"정선해양관측","312-06","1968-06-19 00:00:00","125.3","34.0683","0","0","","1007.5","2","18.9","2","","","","","","","","","","","","","","","","","","","","","",""
"정선해양관측","312-06","1968-08-05 08:30:00","125.3","34.0683","0","0","","1012.5","2","24.7","2","쾌청(운량:0-2)","2","Low","2","","","FOREL-ULE SCALE IV","2","","","11%-20%","2","","","Smooth-wavelets ","2","","","0.3- 1.5 ","2","SE ","2"
"정선해양관측","312-06","1968-09-07 06:00:00","125.3","34.0683","0","0","","1010","2","24.9","2","흐림(운량:8-10)","2","Low","2","NE ","2","","","","","91%-100%","2","Cumulonimbus","2","Calm-ripples ","2","NE ","2","0 - 0.2 ","2","NE ","2"
"정선해양관측","312-06","1968-10-04 14:50:00","125.3","34.0683","0","0","","1016","2","24.1","2","","","Very Low","2","N  ","2","FOREL-ULE SCALE II","2","21.5","2","51%-60%","2","Altostratus","2","Calm-ripples ","2","N  ","2","0.3- 1.5 ","2","N  ","2"
"정선해양관측","312-06","1968-11-15 14:30:00","125.3","34.0683","0","0","","1030.1","2","11.8","2","쾌청(운량:0-2)","2","Low","2","N  ","2","FOREL-ULE SCALE V","2","","","","","","","Calm-ripples ","2","N  ","2","0 - 0.2 ","2","N  ","2"
"정선해양관측","312-06","1968-12-05 23:00:00","125.3","34.0683","0","0","","1023.5","2","13.1","2","쾌청(운량:0-2)","2","Very Low","2","","","","","12.9","2","1%-10%","2","Cirrus","2","Calm-glassy ","2","NE ","2","0 - 0.2 ","2","NE ","2"
"정선해양관측","312-07","1968-02-17 18:00:00","125","34.0917","0","0","","1026.5","2","6.8","2","쾌청(운량:0-2)","2","Very Low","2","","","FOREL-ULE SCALE VI","2","6.2","2","1%-10%","2","Cirrus","2","Calm-glassy ","2","","","","","",""
"정선해양관측","312-07","1968-03-30 07:50:00","125","34.0917","0","0","","1010","2","7.6","2","흐림(운량:8-10)","2","Low","2","N  ","2","FOREL-ULE SCALE V","2","","","91%-100%","2","Nimbostratus","2","Smooth-wavelets ","2","N  ","2","0.3- 1.5 ","2","N  ","2"
"정선해양관측","312-07","1968-04-30 07:50:00","125","34.0917","0","0","","1010","2","7.6","2","흐림(운량:8-10)","2","Low","2","N  ","2","FOREL-ULE SCALE V","2","","","91%-100%","2","Nimbostratus","2","Smooth-wavelets ","2","N  ","2","0.3- 1.5 ","2","N  ","2"
"정선해양관측","312-07","1968-06-18 22:30:00","125","34.0917","0","0","","1008","2","19.2","2","","","","","","","","","","","","","","","","","","","","","",""
"정선해양관측","312-07","1968-08-04 20:18:00","125","34.0917","0","0","","1012.5","2","23.5","2","흐림(운량:8-10)","2","Low","2","","","","","22.8","2","91%-100%","2","Nimbostratus","2","Slight ","2","","","1.6- 3.3 ","2","SE ","2"
"정선해양관측","312-07","1968-09-07 02:50:00","125","34.0917","0","0","","1010","2","25.4","2","개임(운량:3-7)","2","Low","2","NW ","2","","","","","61%-70%","2","Altostratus","2","Calm-ripples ","2","NW ","2","0.3- 1.5 ","2","NE ","2"
"정선해양관측","312-07","1968-10-04 17:00:00","125","34.0917","0","0","","1016","2","23.7","2","개임(운량:3-7)","2","Very Low","2","N  ","2","FOREL-ULE SCALE II","2","21.9","2","51%-60%","2","Altostratus","2","Calm-ripples ","2","N  ","2","0.3- 1.5 ","2","N  ","2"
"정선해양관측","312-07","1968-11-15 17:20:00","125","34.0917","0","0","","1030.1","2","10.5","2","쾌청(운량:0-2)","2","Very Low","2","N  ","2","FOREL-ULE SCALE V","2","","","1%-10%","2","Cirrocumulus","2","Calm-ripples ","2","N  ","2","0 - 0.2 ","2","N  ","2"
"정선해양관측","312-07","1968-12-06 01:00:00","125","34.0917","0","0","","1024.1","2","13.1","2","쾌청(운량:0-2)","2","Very Low","2","NE ","2","","","12.6","2","1%-10%","2","Cirrocumulus","2","Calm-ripples ","2","NE ","2","0 - 0.2 ","2","NE ","2"
"정선해양관측","312-08","1968-02-17 19:16:00","124.8","34.0917","0","0","","1026","2","6","2","쾌청(운량:0-2)","2","Very Low","2","NE ","2","","","5.2","2","Zero","2","","","Calm-ripples ","2","NE ","2","0 - 0.2 ","2","NE ","2"
"정선해양관측","312-08","1968-03-30 09:10:00","124.8","34.0917","0","0","","1012","2","7.8","2","흐림(운량:8-10)","2","Low","2","N  ","2","FOREL-ULE SCALE VI","2","","","91%-100%","2","Nimbostratus","2","Smooth-wavelets ","2","N  ","2","0.3- 1.5 ","2","N  ","2"
"정선해양관측","312-08","1968-04-30 09:10:00","124.8","34.0917","0","0","","1012","2","7.8","2","흐림(운량:8-10)","2","Low","2","N  ","2","FOREL-ULE SCALE VI","2","","","91%-100%","2","Nimbostratus","2","Smooth-wavelets ","2","N  ","2","0.3- 1.5 ","2","N  ","2"
"정선해양관측","312-08","1968-06-18 20:40:00","124.8","34.0917","0","0","","1009.1","2","21","2","","","","","","","","","","","","","","","","","","","0 - 0.2 ","2","W  ","2"
"정선해양관측","312-08","1968-08-04 18:55:00","124.8","34.0917","0","0","","1012","2","24.9","2","개임(운량:3-7)","2","Low","2","","","FOREL-ULE SCALE IV","2","24","2","51%-60%","2","Cumulonimbus","2","Slight ","2","","","1.6- 3.3 ","2","SE ","2"
"정선해양관측","312-08","1968-10-04 18:45:00","124.8","34.0917","0","0","","1016.2","2","22.9","2","흐림(운량:8-10)","2","Very Low","2","N  ","2","FOREL-ULE SCALE II","2","21.3","2","71%-80%","2","Stratus","2","Calm-ripples ","2","N  ","2","0.3- 1.5 ","2","N  ","2"
"정선해양관측","312-08","1968-12-06 02:25:00","124.8","34.0917","0","0","","1023.9","2","12.9","2","쾌청(운량:0-2)","2","Very Low","2","","","","","12.6","2","1%-10%","2","Cirrus","2","Calm-glassy ","2","NE ","2","0 - 0.2 ","2","NE ","2"
"정선해양관측","312-09","1968-02-17 20:45:00","124.6","34.0917","0","0","","1026.1","2","6.6","2","쾌청(운량:0-2)","2","Very Low","2","NE ","2","","","5.9","2","Zero","2","","","Calm-ripples ","2","NE ","2","0 - 0.2 ","2","ENE","2"
"정선해양관측","312-09","1968-03-30 10:35:00","124.6","34.0917","0","0","","1016","2","7.8","2","흐림(운량:8-10)","2","Low","2","N  ","2","FOREL-ULE SCALE V","2","","","81%-90%","2","Nimbostratus","2","Smooth-wavelets ","2","N  ","2","0.3- 1.5 ","2","N  ","2"
"정선해양관측","312-09","1968-04-30 10:35:00","124.6","34.0917","0","0","","1016","2","7.8","2","흐림(운량:8-10)","2","Low","2","N  ","2","FOREL-ULE SCALE V","2","","","81%-90%","2","Nimbostratus","2","Smooth-wavelets ","2","N  ","2","0.3- 1.5 ","2","N  ","2"
"정선해양관측","312-09","1968-06-18 19:15:00","124.6","34.0917","0","0","","1009","2","22.9","2","개임(운량:3-7)","2","Low","2","W  ","2","FOREL-ULE SCALE IV","2","","","41%-50%","2","Nimbostratus","2","Calm-ripples ","2","W  ","2","0 - 0.2 ","2","W  ","2"
"정선해양관측","312-09","1968-08-04 17:40:00","124.6","34.0917","0","0","","1012.5","2","24.9","2","개임(운량:3-7)","2","Low","2","","","FOREL-ULE SCALE II","2","24","2","61%-70%","2","Cumulonimbus","2","Slight ","2","","","1.6- 3.3 ","2","SE ","2"
"정선해양관측","312-09","1968-10-04 20:33:00","124.6","34.0917","0","0","","1016.3","2","22.9","2","","","Low","2","","","","","22.5","2","","","","","Calm-ripples ","2","","","0.3- 1.5 ","2","N  ","2"
"정선해양관측","312-09","1968-12-06 03:45:00","124.6","34.0917","0","0","","1023.9","2","12.8","2","쾌청(운량:0-2)","2","Very Low","2","NE ","2","","","12.2","2","1%-10%","2","Cirrus","2","Calm-ripples ","2","NE ","2","0 - 0.2 ","2","NE ","2"
"정선해양관측","312-10","1968-02-17 22:05:00","124.4","34.0917","0","0","","1026.2","2","6.9","2","","","Very Low","2","NE ","2","","","5.7","2","","","","","Calm-ripples ","2","NE ","2","0 - 0.2 ","2","ENE","2"
"정선해양관측","312-10","1968-03-30 11:55:00","124.4","34.0917","0","0","","1013","2","8","2","흐림(운량:8-10)","2","Low","2","N  ","2","FOREL-ULE SCALE V","2","","","81%-90%","2","Nimbostratus","2","Smooth-wavelets ","2","N  ","2","0.3- 1.5 ","2","N  ","2"
"정선해양관측","312-10","1968-04-30 11:55:00","124.4","34.0917","0","0","","1013","2","8","2","흐림(운량:8-10)","2","Low","2","N  ","2","FOREL-ULE SCALE V","2","","","81%-90%","2","Nimbostratus","2","Smooth-wavelets ","2","N  ","2","0.3- 1.5 ","2","N  ","2"
"정선해양관측","312-10","1968-06-18 17:50:00","124.4","34.0917","0","0","","1009","2","22.9","2","개임(운량:3-7)","2","Low","2","W  ","2","FOREL-ULE SCALE IV","2","","","41%-50%","2","Stratocumulus","2","Calm-ripples ","2","W  ","2","0 - 0.2 ","2","W  ","2"
"정선해양관측","312-10","1968-08-04 16:10:00","124.4","34.0917","0","0","","1012.5","2","25.8","2","흐림(운량:8-10)","2","Low","2","","","FOREL-ULE SCALE III","2","","","81%-90%","2","Nimbostratus","2","Slight ","2","","","1.6- 3.3 ","2","SE ","2"
"정선해양관측","312-10","1968-10-04 22:15:00","124.4","34.0917","0","0","","1015.8","2","22.9","2","","","Very Low","2","N  ","2","","","22.1","2","","","","","Calm-ripples ","2","N  ","2","0.3- 1.5 ","2","N  ","2"
"정선해양관측","312-10","1968-12-06 05:50:00","124.4","34.0917","0","0","","1023.8","2","12.6","2","쾌청(운량:0-2)","2","Very Low","2","NE ","2","","","12.1","2","1%-10%","2","Cirrus","2","Calm-ripples ","2","NE ","2","0 - 0.2 ","2","NE ","2"
"정선해양관측","313-02","1968-02-18 13:45:00","126","33.4067","0","0","","1020.1","2","10.1","2","흐림(운량:8-10)","2","Very Low","2","SW ","2","FOREL-ULE SCALE VI","2","8.2","2","81%-90%","2","Cumulus","2","Moderate ","2","SW ","2","3.4- 5.4 ","2","SW ","2"
"정선해양관측","313-02","1968-04-27 10:40:00","126","33.4067","0","0","","1013.8","2","13.2","2","개임(운량:3-7)","2","Low","2","W  ","2","FOREL-ULE SCALE III","2","","","31%-40%","2","Cirrostratus","2","Smooth-wavelets ","2","SW ","2","0.3- 1.5 ","2","SW ","2"
"정선해양관측","313-02","1968-06-15 11:10:00","126","33.4067","0","0","","","","19","2","흐림(운량:8-10)","2","","","E  ","2","FOREL-ULE SCALE IV","2","17.6","2","91%-100%","2","Nimbostratus","2","Smooth-wavelets ","2","","","0.3- 1.5 ","2","ENE","2"
"정선해양관측","313-02","1968-08-02 18:35:00","126","33.4067","0","0","","1006","2","25.7","2","개임(운량:3-7)","2","Low","2","","","FOREL-ULE SCALE III","2","24.1","2","61%-70%","2","Nimbostratus","2","Calm-ripples ","2","","","0.3- 1.5 ","2","E  ","2"
"정선해양관측","313-02","1968-09-08 12:45:00","126","33.4067","0","0","","1009.5","2","27.7","2","흐림(운량:8-10)","2","Very Low","2","N  ","2","FOREL-ULE SCALE II","2","","","81%-90%","2","Altostratus","2","Calm-ripples ","2","N  ","2","0.3- 1.5 ","2","N  ","2"
"정선해양관측","313-02","1968-10-16 16:17:00","126","33.4067","0","0","","","","20.9","2","쾌청(운량:0-2)","2","Low","2","N  ","2","FOREL-ULE SCALE III","2","","","1%-10%","2","Cumulus","2","Calm-ripples ","2","N  ","2","0.3- 1.5 ","2","N  ","2"
"정선해양관측","313-02","1968-11-14 14:05:00","126","33.4067","0","0","","1028.9","2","15.8","2","쾌청(운량:0-2)","2","Low","2","N  ","2","FOREL-ULE SCALE IV","2","","","1%-10%","2","Cirrus","2","Smooth-wavelets ","2","N  ","2","0.3- 1.5 ","2","N  ","2"
"정선해양관측","313-02","1968-12-02 04:35:00","126","33.4067","0","0","","1016.2","2","16.2","2","흐림(운량:8-10)","2","Very Low","2","SW ","2","","","15.8","2","91%-100%","2","Altostratus","2","Calm-ripples ","2","SW ","2","0.3- 1.5 ","2","SW ","2"
"정선해양관측","313-03","1968-02-18 12:15:00","125.8","33.4067","0","0","","1020.8","2","10.2","2","흐림(운량:8-10)","2","Very Low","2","SW ","2","FOREL-ULE SCALE VI","2","8.2","2","81%-90%","2","Cumulus","2","Moderate ","2","SW ","2","3.4- 5.4 ","2","SW ","2"
"정선해양관측","313-03","1968-04-27 12:20:00","125.8","33.4067","0","0","","1013.2","2","13.4","2","개임(운량:3-7)","2","Low","2","S  ","2","FOREL-ULE SCALE III","2","","","41%-50%","2","Cirrostratus","2","Slight ","2","SW ","2","1.6- 3.3 ","2","SW ","2"
"정선해양관측","313-03","1968-06-15 09:25:00","125.8","33.4067","0","0","","","","19.6","2","흐림(운량:8-10)","2","","","E  ","2","FOREL-ULE SCALE IV","2","17.8","2","91%-100%","2","Nimbostratus","2","Smooth-wavelets ","2","","","5.5- 7.9 ","2","E  ","2"
"정선해양관측","313-03","1968-08-02 20:50:00","125.8","33.4067","0","0","","1007","2","24.9","2","쾌청(운량:0-2)","2","Low","2","","","","","23.8","2","","","","","Calm-ripples ","2","","","0.3- 1.5 ","2","E  ","2"
"정선해양관측","313-03","1968-09-08 14:30:00","125.8","33.4067","0","0","","1009","2","27.8","2","흐림(운량:8-10)","2","Very Low","2","N  ","2","FOREL-ULE SCALE II","2","","","81%-90%","2","Cumulus","2","Smooth-wavelets ","2","N  ","2","1.6- 3.3 ","2","N  ","2"
"정선해양관측","313-03","1968-10-16 13:45:00","125.8","33.4067","0","0","","","","21","2","개임(운량:3-7)","2","Low","2","N  ","2","FOREL-ULE SCALE III","2","","","61%-70%","2","Stratocumulus","2","Calm-ripples ","2","NW ","2","1.6- 3.3 ","2","N  ","2"
"정선해양관측","313-03","1968-11-14 12:25:00","125.8","33.4067","0","0","","1029.9","2","15.2","2","쾌청(운량:0-2)","2","Low","2","N  ","2","FOREL-ULE SCALE III","2","","","","","","","Slight ","2","NE ","2","1.6- 3.3 ","2","N  ","2"
"정선해양관측","313-03","1968-12-04 21:20:00","125.8","33.4067","0","0","","1018.9","2","15.2","2","비","2","Low","2","NE ","2","","","15","2","91%-100%","2","Nimbostratus","2","Calm-ripples ","2","N  ","2","0 - 0.2 ","2","NE ","2"
"정선해양관측","313-04","1968-02-18 10:50:00","125.6","33.4067","0","0","","1021.2","2","10.4","2","흐림(운량:8-10)","2","Very Low","2","SW ","2","FOREL-ULE SCALE VI","2","8","2","91%-100%","2","Cumulus","2","Slight ","2","SW ","2","3.4- 5.4 ","2","SW ","2"
"정선해양관측","313-04","1968-04-27 14:10:00","125.6","33.4067","0","0","","1013.8","2","12.4","2","쾌청(운량:0-2)","2","Low","2","S  ","2","FOREL-ULE SCALE III","2","","","11%-20%","2","Cirrostratus","2","Smooth-wavelets ","2","SW ","2","0.3- 1.5 ","2","SW ","2"
"정선해양관측","313-04","1968-06-15 07:40:00","125.6","33.4067","0","0","","","","19.4","2","흐림(운량:8-10)","2","","","SE ","2","","","","","91%-100%","2","Nimbostratus","2","Smooth-wavelets ","2","","","1.6- 3.3 ","2","SE ","2"
"정선해양관측","313-04","1968-08-02 21:35:00","125.6","33.4067","0","0","","1008","2","24.8","2","쾌청(운량:0-2)","2","Low","2","","","","","23.7","2","","","","","Calm-ripples ","2","","","0.3- 1.5 ","2","E  ","2"
"정선해양관측","313-04","1968-09-08 16:05:00","125.6","33.4067","0","0","","1009","2","27.8","2","흐림(운량:8-10)","2","Very Low","2","N  ","2","FOREL-ULE SCALE III","2","","","71%-80%","2","Cumulus","2","Smooth-wavelets ","2","N  ","2","0 - 0.2 ","2","N  ","2"
"정선해양관측","313-04","1968-10-16 12:00:00","125.6","33.4067","0","0","","","","20","2","개임(운량:3-7)","2","Low","2","N  ","2","FOREL-ULE SCALE III","2","","","61%-70%","2","Cirrostratus","2","Calm-ripples ","2","NW ","2","1.6- 3.3 ","2","N  ","2"
"정선해양관측","313-04","1968-11-14 11:00:00","125.6","33.4067","0","0","","1027.1","2","14","2","개임(운량:3-7)","2","Low","2","N  ","2","FOREL-ULE SCALE III","2","","","51%-60%","2","Stratocumulus","2","Slight ","2","N  ","2","1.6- 3.3 ","2","NE ","2"
"정선해양관측","313-04","1968-12-04 20:00:00","125.6","33.4067","0","0","","1019.5","2","14.9","2","비","2","Low","2","E  ","2","","","14.7","2","91%-100%","2","Nimbostratus","2","Calm-ripples ","2","E  ","2","3.4- 5.4 ","2","E  ","2"
"정선해양관측","313-05","1968-02-18 09:40:00","125.4","33.4067","0","0","","1022","2","9.9","2","흐림(운량:8-10)","2","Very Low","2","SW ","2","FOREL-ULE SCALE VI","2","7.7","2","91%-100%","2","Cumulus","2","Slight ","2","SW ","2","1.6- 3.3 ","2","SW ","2"
"정선해양관측","313-05","1968-04-27 15:55:00","125.4","33.4067","0","0","","1013.7","2","14.6","2","쾌청(운량:0-2)","2","Very Low","2","W  ","2","FOREL-ULE SCALE III","2","","","11%-20%","2","Cirrostratus","2","Smooth-wavelets ","2","W  ","2","1.6- 3.3 ","2","SW ","2"
"정선해양관측","313-05","1968-06-15 06:10:00","125.4","33.4067","0","0","","","","18.8","2","","","","","NE ","2","","","","","","","","","Smooth-wavelets ","2","","","1.6- 3.3 ","2","NE ","2"
"정선해양관측","313-05","1968-08-02 23:05:00","125.4","33.4067","0","0","","1008.5","2","24.9","2","쾌청(운량:0-2)","2","Low","2","","","","","23.8","2","","","","","Calm-ripples ","2","","","0.3- 1.5 ","2","E  ","2"
"정선해양관측","313-05","1968-09-08 18:00:00","125.4","33.4067","0","0","","1008","2","27.6","2","개임(운량:3-7)","2","Very Low","2","N  ","2","FOREL-ULE SCALE II","2","","","41%-50%","2","Cumulus","2","Smooth-wavelets ","2","N  ","2","1.6- 3.3 ","2","N  ","2"
"정선해양관측","313-05","1968-10-16 10:05:00","125.4","33.4067","0","0","","","","20","2","개임(운량:3-7)","2","Low","2","NE ","2","FOREL-ULE SCALE III","2","20","2","51%-60%","2","Cirrostratus","2","Smooth-wavelets ","2","NE ","2","1.6- 3.3 ","2","NE ","2"
"정선해양관측","313-05","1968-11-14 09:35:00","125.4","33.4067","0","0","","1027","2","14.2","2","개임(운량:3-7)","2","Low","2","N  ","2","FOREL-ULE SCALE IV","2","","","41%-50%","2","Stratocumulus","2","Slight ","2","N  ","2","1.6- 3.3 ","2","NW ","2"
"정선해양관측","313-05","1968-12-04 18:45:00","125.4","33.4067","0","0","","1019.4","2","","","비","2","Low","2","SE ","2","","","","","91%-100%","2","Nimbostratus","2","Slight ","2","SE ","2","3.4- 5.4 ","2","E  ","2"
"정선해양관측","313-06","1968-02-18 08:10:00","125.2","33.4067","0","0","","1021.9","2","9.5","2","흐림(운량:8-10)","2","Very Low","2","SW ","2","FOREL-ULE SCALE VIII","2","7.7","2","91%-100%","2","Stratocumulus","2","Slight ","2","SW ","2","1.6- 3.3 ","2","SW ","2"
"정선해양관측","313-06","1968-04-27 17:40:00","125.2","33.4067","0","0","","1013.9","2","13.4","2","쾌청(운량:0-2)","2","Low","2","S  ","2","FOREL-ULE SCALE III","2","","","11%-20%","2","Stratus","2","Slight ","2","SW ","2","0.3- 1.5 ","2","SW ","2"
"정선해양관측","313-06","1968-08-03 00:30:00","125.2","33.4067","0","0","","1008.6","2","24.9","2","쾌청(운량:0-2)","2","Low","2","","","","","23.8","2","","","","","Calm-ripples ","2","","","0.3- 1.5 ","2","E  ","2"
"정선해양관측","313-06","1968-09-08 19:45:00","125.2","33.4067","0","0","","1009","2","27.2","2","","","Very Low","2","N  ","2","","","","","","","","","Smooth-wavelets ","2","N  ","2","0.3- 1.5 ","2","N  ","2"
"정선해양관측","313-06","1968-10-16 08:30:00","125.2","33.4067","0","0","","","","19","2","개임(운량:3-7)","2","Low","2","N  ","2","FOREL-ULE SCALE III","2","","","31%-40%","2","Altocumulus","2","Smooth-wavelets ","2","NW ","2","1.6- 3.3 ","2","N  ","2"
"정선해양관측","313-06","1968-11-14 08:15:00","125.2","33.4067","0","0","","1029.4","2","13.8","2","흐림(운량:8-10)","2","Low","2","NE ","2","FOREL-ULE SCALE III","2","","","91%-100%","2","Nimbostratus","2","Smooth-wavelets ","2","NE ","2","0.3- 1.5 ","2","NNE","2"
"정선해양관측","313-06","1968-12-04 17:30:00","125.2","33.4067","0","0","","1019","2","16.8","2","흐림(운량:8-10)","2","Low","2","SE ","2","","","16.6","2","91%-100%","2","Nimbostratus","2","Smooth-wavelets ","2","SE ","2","1.6- 3.3 ","2","SE ","2"
"정선해양관측","313-07","1968-02-18 06:45:00","125","33.4067","0","0","","1022.1","2","9","2","흐림(운량:8-10)","2","Very Low","2","SW ","2","","","7.4","2","91%-100%","2","Stratocumulus","2","Smooth-wavelets ","2","SW ","2","0.3- 1.5 ","2","SW ","2"
"정선해양관측","313-07","1968-08-04 08:10:00","125","33.4067","0","0","","1010","2","25","2","흐림(운량:8-10)","2","Low","2","","","FOREL-ULE SCALE II","2","24.1","2","71%-80%","2","Nimbostratus","2","Slight ","2","","","1.6- 3.3 ","2","E  ","2"
"정선해양관측","313-07","1968-09-08 21:15:00","125","33.4067","0","0","","1009","2","26.7","2","","","Very Low","2","N  ","2","","","","","","","","","Smooth-wavelets ","2","N  ","2","0.3- 1.5 ","2","N  ","2"
"정선해양관측","313-07","1968-10-16 06:40:00","125","33.4067","0","0","","","","18","2","","","","","","","","","","","","","","","","","","","1.6- 3.3 ","2","NE ","2"
"정선해양관측","313-07","1968-11-14 06:35:00","125","33.4067","0","0","","1028.9","2","13.4","2","흐림(운량:8-10)","2","Low","2","N  ","2","","","","","91%-100%","2","Nimbostratus","2","Smooth-wavelets ","2","N  ","2","0.3- 1.5 ","2","N  ","2"
"정선해양관측","313-07","1968-12-04 16:05:00","125","33.4067","0","0","","1019","2","16.8","2","흐림(운량:8-10)","2","Low","2","SE ","2","FOREL-ULE SCALE IV","2","16.2","2","91%-100%","2","Nimbostratus","2","Smooth-wavelets ","2","SE ","2","3.4- 5.4 ","2","SE ","2"
"정선해양관측","313-08","1968-02-18 05:25:00","124.8","33.4067","0","0","","1022.1","2","8.8","2","흐림(운량:8-10)","2","Very Low","2","","","","","7.4","2","81%-90%","2","Altocumulus","2","Smooth-wavelets ","2","","","0.3- 1.5 ","2","SW ","2"
"정선해양관측","313-08","1968-08-04 09:20:00","124.8","33.4067","0","0","","1013","2","25.1","2","흐림(운량:8-10)","2","Low","2","","","FOREL-ULE SCALE II","2","24.5","2","91%-100%","2","Nimbostratus","2","Smooth-wavelets ","2","","","1.6- 3.3 ","2","E  ","2"
"정선해양관측","313-08","1968-12-04 14:40:00","124.8","33.4067","0","0","","1018.6","2","16.4","2","비","2","Low","2","SE ","2","FOREL-ULE SCALE IV","2","16.2","2","91%-100%","2","Nimbostratus","2","Smooth-wavelets ","2","SE ","2","1.6- 3.3 ","2","S  ","2"
"정선해양관측","313-09","1968-02-18 04:45:00","124.6","33.4067","0","0","","1022.3","2","8.6","2","흐림(운량:8-10)","2","Very Low","2","SW ","2","","","6.4","2","81%-90%","2","Altocumulus","2","Calm-ripples ","2","SW ","2","0 - 0.2 ","2","NNW","2"
"정선해양관측","313-09","1968-08-04 10:50:00","124.6","33.4067","0","0","","1013.5","2","25.3","2","흐림(운량:8-10)","2","Low","2","","","FOREL-ULE SCALE II","2","24.8","2","91%-100%","2","Nimbostratus","2","Smooth-wavelets ","2","","","0.3- 1.5 ","2","E  ","2"
"정선해양관측","313-09","1968-12-04 13:20:00","124.6","33.4067","0","0","","1019","2","16.5","2","흐림(운량:8-10)","2","Low","2","SE ","2","FOREL-ULE SCALE IV","2","16.2","2","71%-80%","2","Nimbostratus","2","Calm-ripples ","2","SE ","2","0.3- 1.5 ","2","SE ","2"
"정선해양관측","313-10","1968-02-18 02:40:00","124.4","33.4067","0","0","","1023.6","2","8.6","2","흐림(운량:8-10)","2","","","","","","","7.4","2","91%-100%","2","Stratocumulus","2","Calm-ripples ","2","","","0.3- 1.5 ","2","SSW","2"
"정선해양관측","313-10","1968-02-18 12:40:00","124.4","33.4067","0","0","","1023.6","2","8.6","2","흐림(운량:8-10)","2","","","","","","","7.4","2","91%-100%","2","Stratocumulus","2","Calm-ripples ","2","","","0.3- 1.5 ","2","SSW","2"
"정선해양관측","313-10","1968-08-04 12:15:00","124.4","33.4067","0","0","","1013","2","25","2","흐림(운량:8-10)","2","Low","2","","","FOREL-ULE SCALE II","2","24.1","2","91%-100%","2","Cumulonimbus","2","Smooth-wavelets ","2","","","0.3- 1.5 ","2","SE ","2"
"정선해양관측","313-10","1968-12-04 12:00:00","124.4","33.4067","0","0","","1019.5","2","16.8","2","흐림(운량:8-10)","2","Low","2","E  ","2","FOREL-ULE SCALE III","2","16.2","2","91%-100%","2","Nimbostratus","2","Calm-ripples ","2","E  ","2","0.3- 1.5 ","2","E  ","2"
"정선해양관측","314-00","1968-01-14 08:04:00","128","33","0","0","","1026","2","14.2","2","흐림(운량:8-10)","2","Low","2","NW ","2","FOREL-ULE SCALE IV","2","","","81%-90%","2","Cumulonimbus","2","Calm-ripples ","2","NW ","2","1.6- 3.3 ","2","N  ","2"
"정선해양관측","314-00","1968-02-12 13:40:00","128","33","0","0","","1020","2","12.1","2","흐림(운량:8-10)","2","Low","2","NE ","2","FOREL-ULE SCALE V","2","","","81%-90%","2","Altostratus","2","Slight ","2","NW ","2","5.5- 7.9 ","2","NW ","2"
"정선해양관측","314-00","1968-08-06 20:15:00","128","33","0","0","","1010.1","2","27.7","2","개임(운량:3-7)","2","Very Low","2","SE ","2","","","27.2","2","61%-70%","2","Cumulus","2","Slight ","2","SE ","2","0 - 0.2 ","2","SE ","2"
"정선해양관측","314-00","1968-10-12 20:30:00","128","33","0","0","","","","20.2","2","흐림(운량:8-10)","2","Low","2","N  ","2","","","20.2","2","91%-100%","2","Nimbostratus","2","Smooth-wavelets ","2","N  ","2","1.6- 3.3 ","2","N  ","2"
"정선해양관측","314-00","1968-11-13 08:04:00","128","33","0","0","","1026","2","14.2","2","흐림(운량:8-10)","2","Low","2","NW ","2","FOREL-ULE SCALE IV","2","","","81%-90%","2","Cumulonimbus","2","Calm-ripples ","2","NW ","2","1.6- 3.3 ","2","N  ","2"
"정선해양관측","314-00","1968-12-03 13:50:00","128","33","0","0","","1020.2","2","18.2","2","개임(운량:3-7)","2","Low","2","N  ","2","FOREL-ULE SCALE IV","2","17.9","2","31%-40%","2","Cirrostratus","2","Smooth-wavelets ","2","N  ","2","0.3- 1.5 ","2","N  ","2"
"정선해양관측","314-01","1968-06-17 13:30:00","127.7","33","0","0","","","","22.8","2","","","No Swell","2","NW ","2","FOREL-ULE SCALE III","2","22.6","2","","","","","Smooth-wavelets ","2","","","3.4- 5.4 ","2","NW ","2"
"정선해양관측","314-01","1968-09-09 18:30:00","127.7","33","0","0","","","","29","2","쾌청(운량:0-2)","2","Low","2","E  ","2","FOREL-ULE SCALE III","2","","","1%-10%","2","Cirrus","2","Smooth-wavelets ","2","E  ","2","0.3- 1.5 ","2","E  ","2"
"정선해양관측","314-01","1968-10-12 18:20:00","127.7","33","0","0","","","","20.1","2","흐림(운량:8-10)","2","Low","2","N  ","2","FOREL-ULE SCALE III","2","20.1","2","91%-100%","2","Nimbostratus","2","Smooth-wavelets ","2","N  ","2","1.6- 3.3 ","2","N  ","2"
"정선해양관측","314-01","1968-11-13 11:10:00","127.7","33","0","0","","1026","2","15.9","2","개임(운량:3-7)","2","Low","2","NW ","2","FOREL-ULE SCALE IV","2","","","31%-40%","2","Altocumulus","2","Slight ","2","NW ","2","1.6- 3.3 ","2","N  ","2"
"정선해양관측","314-01","1968-12-03 16:15:00","127.7","33","0","0","","1020","2","16.2","2","개임(운량:3-7)","2","Low","2","N  ","2","FOREL-ULE SCALE IV","2","15.9","2","31%-40%","2","Cirrus","2","Calm-ripples ","2","N  ","2","0.3- 1.5 ","2","N  ","2"
"정선해양관측","314-02","1968-02-12 17:20:00","127.4","33","0","0","","1018.7","2","11.5","2","흐림(운량:8-10)","2","Low","2","W  ","2","FOREL-ULE SCALE V","2","","","91%-100%","2","Altostratus","2","Rough ","2","W  ","2","8.0-10.7 ","2","W  ","2"
"정선해양관측","314-02","1968-04-23 16:50:00","127.4","33","0","0","","1013.5","2","20.5","2","쾌청(운량:0-2)","2","Low","2","SE ","2","FOREL-ULE SCALE IV","2","","","11%-20%","2","Cumulus","2","Smooth-wavelets ","2","E  ","2","1.6- 3.3 ","2","E  ","2"
"정선해양관측","314-02","1968-06-17 15:20:00","127.4","33","0","0","","","","23.2","2","흐림(운량:8-10)","2","No Swell","2","NW ","2","FOREL-ULE SCALE III","2","","","71%-80%","2","Altostratus","2","Smooth-wavelets ","2","","","1.6- 3.3 ","2","NW ","2"
"정선해양관측","314-02","1968-08-06 15:50:00","127.4","33","0","0","","1009.9","2","28.1","2","개임(운량:3-7)","2","Very Low","2","SE ","2","FOREL-ULE SCALE II","2","27.5","2","61%-70%","2","Cumulus","2","Slight ","2","SE ","2","1.6- 3.3 ","2","SE ","2"
"정선해양관측","314-02","1968-08-08 15:50:00","127.4","33","0","0","","1009.9","2","28.1","2","개임(운량:3-7)","2","Very Low","2","SE ","2","FOREL-ULE SCALE II","2","27.5","2","61%-70%","2","Cumulus","2","Slight ","2","SE ","2","1.6- 3.3 ","2","SE ","2"
"정선해양관측","314-02","1968-09-09 16:00:00","127.4","33","0","0","","","","29","2","개임(운량:3-7)","2","Low","2","E  ","2","FOREL-ULE SCALE II","2","","","21%-30%","2","Cirrostratus","2","Calm-ripples ","2","E  ","2","1.6- 3.3 ","2","E  ","2"
"정선해양관측","314-02","1968-10-12 16:00:00","127.4","33","0","0","","","","20.2","2","흐림(운량:8-10)","2","Low","2","NE ","2","FOREL-ULE SCALE III","2","20.2","2","91%-100%","2","Nimbostratus","2","Slight ","2","NE ","2","3.4- 5.4 ","2","NE ","2"
"정선해양관측","314-02","1968-11-13 13:00:00","127.4","33","0","0","","1024.5","2","15.8","2","쾌청(운량:0-2)","2","Low","2","NW ","2","FOREL-ULE SCALE IV","2","","","1%-10%","2","Cirrus","2","Slight ","2","NW ","2","0.3- 1.5 ","2","NW ","2"
"정선해양관측","314-02","1968-12-03 17:25:00","127.4","33","0","0","","1020.5","2","16.9","2","흐림(운량:8-10)","2","Low","2","N  ","2","","","16.2","2","81%-90%","2","Altostratus","2","Calm-ripples ","2","N  ","2","0.3- 1.5 ","2","NNW","2"
"정선해양관측","314-03","1968-04-23 14:30:00","127.1","33","0","0","","1013.6","2","20.2","2","쾌청(운량:0-2)","2","Low","2","SE ","2","FOREL-ULE SCALE III","2","","","11%-20%","2","Cumulus","2","Slight ","2","E  ","2","1.6- 3.3 ","2","E  ","2"
"정선해양관측","314-03","1968-06-17 17:10:00","127.1","33","0","0","","","","21","2","개임(운량:3-7)","2","No Swell","2","SW ","2","FOREL-ULE SCALE III","2","21","2","51%-60%","2","Altostratus","2","Slight ","2","","","1.6- 3.3 ","2","SW ","2"
"정선해양관측","314-03","1968-09-09 13:30:00","127.1","33","0","0","","","","30.1","2","쾌청(운량:0-2)","2","Low","2","E  ","2","FOREL-ULE SCALE III","2","","","1%-10%","2","Cirrus","2","Smooth-wavelets ","2","E  ","2","1.6- 3.3 ","2","E  ","2"
"정선해양관측","314-03","1968-10-12 14:00:00","127.1","33","0","0","","","","20.1","2","흐림(운량:8-10)","2","Low","2","NE ","2","FOREL-ULE SCALE II","2","20","2","91%-100%","2","Nimbostratus","2","Slight ","2","NE ","2","3.4- 5.4 ","2","NE ","2"
"정선해양관측","314-03","1968-11-13 14:50:00","127.1","33","0","0","","1024.9","2","15.4","2","개임(운량:3-7)","2","Low","2","NW ","2","FOREL-ULE SCALE IV","2","","","31%-40%","2","Altocumulus","2","Slight ","2","NW ","2","0.3- 1.5 ","2","NW ","2"
"정선해양관측","314-03","1968-12-03 18:30:00","127.1","33","0","0","","1020.9","2","16.2","2","개임(운량:3-7)","2","Low","2","NNE","2","","","15.8","2","31%-40%","2","Altostratus","2","Calm-ripples ","2","NE ","2","1.6- 3.3 ","2","NNE","2"
"정선해양관측","314-04","1968-02-10 09:35:00","126.8","33","0","0","","1028.5","2","9.9","2","흐림(운량:8-10)","2","Very Low","2","NE ","2","FOREL-ULE SCALE IV","2","","","81%-90%","2","Altostratus","2","Calm-ripples ","2","NE ","2","3.4- 5.4 ","2","NE ","2"
"정선해양관측","314-04","1968-04-23 12:10:00","126.8","33","0","0","","1013.2","2","18.9","2","쾌청(운량:0-2)","2","Low","2","SE ","2","FOREL-ULE SCALE III","2","","","11%-20%","2","Cirrus","2","Smooth-wavelets ","2","E  ","2","0.3- 1.5 ","2","E  ","2"
"정선해양관측","314-04","1968-06-17 19:30:00","126.8","33","0","0","","","","21","2","개임(운량:3-7)","2","No Swell","2","SW ","2","FOREL-ULE SCALE III","2","21","2","31%-40%","2","Altostratus","2","Slight ","2","","","1.6- 3.3 ","2","SW ","2"
"정선해양관측","314-04","1968-08-05 06:25:00","126.8","33","0","0","","1013","2","26.9","2","비","2","Very Low","2","E  ","2","FOREL-ULE SCALE II","2","26.5","2","","","","","Smooth-wavelets ","2","E  ","2","0.3- 1.5 ","2","E  ","2"
"정선해양관측","314-04","1968-09-09 11:40:00","126.8","33","0","0","","","","28","2","쾌청(운량:0-2)","2","Low","2","NE ","2","FOREL-ULE SCALE II","2","","","11%-20%","2","Cirrus","2","Moderate ","2","NE ","2","5.5- 7.9 ","2","NE ","2"
"정선해양관측","314-04","1968-10-12 11:45:00","126.8","33","0","0","","","","20.2","2","흐림(운량:8-10)","2","","","NE ","2","FOREL-ULE SCALE II","2","","","91%-100%","2","Nimbostratus","2","Slight ","2","","","1.6- 3.3 ","2","NE ","2"
"정선해양관측","314-04","1968-11-13 16:45:00","126.8","33","0","0","","1023.5","2","16.2","2","개임(운량:3-7)","2","Low","2","NW ","2","FOREL-ULE SCALE III","2","","","41%-50%","2","Stratocumulus","2","Calm-ripples ","2","NW ","2","0 - 0.2 ","2","SW ","2"
"정선해양관측","314-04","1968-12-03 21:30:00","126.8","33","0","0","","1020.9","2","16.2","2","흐림(운량:8-10)","2","Very Low","2","NNE","2","","","15.8","2","81%-90%","2","Altocumulus","2","Smooth-wavelets ","2","NE ","2","0.3- 1.5 ","2","NNE","2"
"정선해양관측","314-05","1968-04-25 15:00:00","126.5","33","0","0","","","","18.6","2","쾌청(운량:0-2)","2","Very Low","2","E  ","2","FOREL-ULE SCALE V","2","","","11%-20%","2","Altostratus","2","Calm-ripples ","2","E  ","2","0 - 0.2 ","2","E  ","2"
"정선해양관측","314-05","1968-06-14 12:15:00","126.5","33","0","0","","","","21","2","","","No Swell","2","SW ","2","FOREL-ULE SCALE III","2","19.1","2","","","","","Slight ","2","","","3.4- 5.4 ","2","NW ","2"
"정선해양관측","314-05","1968-09-10 09:00:00","126.5","33","0","0","","","","26","2","쾌청(운량:0-2)","2","Low","2","SE ","2","FOREL-ULE SCALE II","2","","","","","","","Smooth-wavelets ","2","SE ","2","3.4- 5.4 ","2","SE ","2"
"정선해양관측","314-05","1968-10-09 12:45:00","126.5","33","0","0","","","","22.3","2","흐림(운량:8-10)","2","Low","2","NE ","2","FOREL-ULE SCALE II","2","","","91%-100%","2","Nimbostratus","2","Slight ","2","NE ","2","1.6- 3.3 ","2","NE ","2"
"정선해양관측","314-05","1968-11-13 18:35:00","126.5","33","0","0","","1024","2","15.9","2","개임(운량:3-7)","2","Low","2","NE ","2","","","","","51%-60%","2","Stratocumulus","2","Calm-ripples ","2","NE ","2","0 - 0.2 ","2","E  ","2"
"정선해양관측","314-05","1968-12-03 23:00:00","126.5","33","0","0","","1021.5","2","16.9","2","흐림(운량:8-10)","2","Low","2","NE ","2","","","16.2","2","81%-90%","2","Altocumulus","2","Calm-ripples ","2","NE ","2","0.3- 1.5 ","2","NE ","2"
"정선해양관측","314-06","1968-02-10 13:20:00","126.2","33","0","0","","1026.5","2","10.5","2","흐림(운량:8-10)","2","Very Low","2","N  ","2","FOREL-ULE SCALE III","2","","","71%-80%","2","Altostratus","2","Calm-ripples ","2","N  ","2","1.6- 3.3 ","2","N  ","2"
"정선해양관측","314-06","1968-04-25 06:45:00","126.2","33","0","0","","","","13.8","2","","","","","","","","","","","","","","","","","","","","","",""
"정선해양관측","314-06","1968-06-14 14:30:00","126.2","33","0","0","","","","21.2","2","개임(운량:3-7)","2","No Swell","2","SW ","2","FOREL-ULE SCALE IV","2","21.1","2","31%-40%","2","Cirrostratus","2","Slight ","2","","","1.6- 3.3 ","2","SW ","2"
"정선해양관측","314-06","1968-08-05 02:35:00","126.2","33","0","0","","1013.2","2","26.4","2","비","2","Very Low","2","E  ","2","FOREL-ULE SCALE II","2","25.6","2","","","","","Smooth-wavelets ","2","E  ","2","0.3- 1.5 ","2","E  ","2"
"정선해양관측","314-06","1968-09-10 00:30:00","126.2","33","0","0","","","","","","","","","","","","","","","","","","","","","","","","5.5- 7.9 ","2","NE ","2"
"정선해양관측","314-06","1968-10-09 15:00:00","126.2","33","0","0","","","","22","2","흐림(운량:8-10)","2","Low","2","N  ","2","","","","","91%-100%","2","Nimbostratus","2","Smooth-wavelets ","2","NE ","2","3.4- 5.4 ","2","NE ","2"
"정선해양관측","314-06","1968-11-13 20:30:00","126.2","33","0","0","","1026","2","12.8","2","개임(운량:3-7)","2","Low","2","NW ","2","","","","","41%-50%","2","Stratocumulus","2","Smooth-wavelets ","2","NW ","2","1.6- 3.3 ","2","NW ","2"
"정선해양관측","314-06","1968-12-04 00:45:00","126.2","33","0","0","","1020.9","2","17.2","2","흐림(운량:8-10)","2","Low","2","NE ","2","","","16.5","2","71%-80%","2","Altocumulus","2","Calm-ripples ","2","NE ","2","0 - 0.2 ","2","NE ","2"
"정선해양관측","314-07","1968-04-24 04:40:00","125.9","33","0","0","","","","13.4","2","","","","","","","","","","","","","","","","","","","","","",""
"정선해양관측","314-07","1968-04-25 04:40:00","125.9","33","0","0","","","","13.4","2","","","","","","","","","","","","","","","","","","","","","",""
"정선해양관측","314-07","1968-06-14 15:00:00","125.9","33","0","0","","","","25.8","2","","","Very Low","2","","","FOREL-ULE SCALE IV","2","24.6","2","","","","","","","SW ","2","0 - 0.2 ","2","NW ","2"
"정선해양관측","314-07","1968-06-14 16:00:00","125.9","33","0","0","","","","25.8","2","","","Very Low","2","","","FOREL-ULE SCALE IV","2","24.6","2","","","","","","","SW ","2","0 - 0.2 ","2","NW ","2"
"정선해양관측","314-07","1968-09-09 23:00:00","125.9","33","0","0","","","","","","","","Very Low","2","NE ","2","","","","","","","","","Moderate ","2","NE ","2","5.5- 7.9 ","2","NE ","2"
"정선해양관측","314-07","1968-10-09 17:20:00","125.9","33","0","0","","","","21.8","2","흐림(운량:8-10)","2","Low","2","W  ","2","FOREL-ULE SCALE II","2","","","91%-100%","2","Nimbostratus","2","Slight ","2","W  ","2","3.4- 5.4 ","2","W  ","2"
"정선해양관측","314-07","1968-11-13 22:30:00","125.9","33","0","0","","1027.6","2","13.9","2","개임(운량:3-7)","2","Low","2","N  ","2","","","","","31%-40%","2","Stratocumulus","2","Slight ","2","N  ","2","1.6- 3.3 ","2","N  ","2"
"정선해양관측","314-07","1968-12-04 02:35:00","125.9","33","0","0","","1021.1","2","17.2","2","흐림(운량:8-10)","2","Low","2","NE ","2","","","16.2","2","81%-90%","2","Altostratus","2","Calm-ripples ","2","NE ","2","0.3- 1.5 ","2","NE ","2"
"정선해양관측","314-08","1968-02-10 17:10:00","125.6","33","0","0","","1024.2","2","11.4","2","개임(운량:3-7)","2","","","","","FOREL-ULE SCALE VI","2","","","41%-50%","2","Altostratus","2","","","","","","","",""
"정선해양관측","314-08","1968-04-25 02:30:00","125.6","33","0","0","","","","13.2","2","","","","","","","","","","","","","","","","","","","","","",""
"정선해양관측","314-08","1968-06-14 17:50:00","125.6","33","0","0","","","","19.8","2","흐림(운량:8-10)","2","Very Low","2","","","","","19.6","2","91%-100%","2","Nimbostratus","2","","","SW ","2","0 - 0.2 ","2","NE ","2"
"정선해양관측","314-08","1968-08-04 17:30:00","125.6","33","0","0","","1012.5","2","31","2","개임(운량:3-7)","2","Very Low","2","NE ","2","FOREL-ULE SCALE II","2","28.5","2","51%-60%","2","Cirrus","2","Smooth-wavelets ","2","NE ","2","0.3- 1.5 ","2","NE ","2"
"정선해양관측","314-08","1968-09-09 06:15:00","125.6","33","0","0","","1009.2","2","24","2","개임(운량:3-7)","2","Very Low","2","NE ","2","","","","","41%-50%","2","Altostratus","2","Moderate ","2","NE ","2","5.5- 7.9 ","2","NE ","2"
"정선해양관측","314-08","1968-10-09 19:45:00","125.6","33","0","0","","","","21.2","2","","","","","","","","","","","","","","","","","","","1.6- 3.3 ","2","NW ","2"
"정선해양관측","314-08","1968-11-14 00:30:00","125.6","33","0","0","","1027.1","2","14","2","개임(운량:3-7)","2","Low","2","W  ","2","","","","","51%-60%","2","Stratocumulus","2","Smooth-wavelets ","2","W  ","2","1.6- 3.3 ","2","NW ","2"
"정선해양관측","314-08","1968-12-02 09:20:00","125.6","33","0","0","","1018.1","2","16.7","2","안개(Fog)","2","Very Low","2","E  ","2","FOREL-ULE SCALE IV","2","16.2","2","","","","","Calm-ripples ","2","E  ","2","0 - 0.2 ","2","E  ","2"
"정선해양관측","314-09","1968-04-25 00:00:00","125.3","33","0","0","","","","12.9","2","","","","","","","","","","","","","","","","","","","","","",""
"정선해양관측","314-09","1968-06-14 21:00:00","125.3","33","0","0","","","","18.9","2","","","","","","","","","18.9","2","","","","","","","","","","","",""
"정선해양관측","314-09","1968-09-09 04:00:00","125.3","33","0","0","","1009","2","25.1","2","","","Very Low","2","NE ","2","","","","","","","","","Moderate ","2","NE ","2","5.5- 7.9 ","2","NE ","2"
"정선해양관측","314-09","1968-10-16 03:30:00","125.3","33","0","0","","","","17.5","2","","","Low","2","NE ","2","","","","","","","","","Slight ","2","NE ","2","1.6- 3.3 ","2","NE ","2"
"정선해양관측","314-09","1968-11-14 02:10:00","125.3","33","0","0","","1027.5","2","14","2","개임(운량:3-7)","2","Low","2","N  ","2","","","","","31%-40%","2","Stratocumulus","2","Smooth-wavelets ","2","N  ","2","1.6- 3.3 ","2","N  ","2"
"정선해양관측","314-09","1968-12-04 05:50:00","125.3","33","0","0","","1020.1","2","17.2","2","흐림(운량:8-10)","2","Low","2","NE ","2","","","16.4","2","81%-90%","2","Altostratus","2","Calm-ripples ","2","NE ","2","0 - 0.2 ","2","NE ","2"
"정선해양관측","314-10","1968-02-10 19:00:00","125","33","0","0","","1022.5","2","8.4","2","흐림(운량:8-10)","2","","","","","","","","","81%-90%","2","Altostratus","2","","","","","1.6- 3.3 ","2","SE ","2"
"정선해양관측","314-10","1968-04-24 22:10:00","125","33","0","0","","","","12.9","2","","","","","","","","","","","","","","","","","","","","","",""
"정선해양관측","314-10","1968-06-14 23:00:00","125","33","0","0","","","","19.8","2","","","","","","","","","19.8","2","","","","","","","","","","","",""
"정선해양관측","314-10","1968-08-01 21:40:00","125","33","0","0","","1003","2","27.3","2","개임(운량:3-7)","2","Low","2","NW ","2","","","26.8","2","41%-50%","2","Altocumulus","2","Slight ","2","NW ","2","1.6- 3.3 ","2","NW ","2"
"정선해양관측","314-10","1968-09-09 01:45:00","125","33","0","0","","1009","2","26.2","2","","","Very Low","2","NE ","2","","","","","","","","","Slight ","2","NE ","2","1.6- 3.3 ","2","NE ","2"
"정선해양관측","314-10","1968-10-16 01:20:00","125","33","0","0","","","","17","2","","","","","","","","","","","","","","","","","","","1.6- 3.3 ","2","NE ","2"
"정선해양관측","314-10","1968-11-14 04:10:00","125","33","0","0","","1028.9","2","13.4","2","흐림(운량:8-10)","2","Low","2","W  ","2","","","","","91%-100%","2","Nimbostratus","2","Calm-ripples ","2","W  ","2","0.3- 1.5 ","2","N  ","2"
"정선해양관측","314-10","1968-12-04 07:40:00","125","33","0","0","","1020.5","2","17.3","2","흐림(운량:8-10)","2","Low","2","NE ","2","FOREL-ULE SCALE IV","2","16.4","2","71%-80%","2","Altostratus","2","Calm-ripples ","2","N  ","2","0.3- 1.5 ","2","NE ","2"
"정선해양관측","315-08","1968-02-12 09:20:00","128.533","32.5","0","0","","1020.5","2","10.4","2","","","Low","2","NW ","2","FOREL-ULE SCALE III","2","","","91%-100%","2","Altostratus","2","Calm-ripples ","2","NW ","2","3.4- 5.4 ","2","NW ","2"
"정선해양관측","315-10","1968-02-12 06:00:00","127.9967","32.5","0","0","","1019","2","8.5","2","흐림(운량:8-10)","2","Low","2","NE ","2","","","","","91%-100%","2","Altostratus","2","Calm-ripples ","2","NE ","2","3.4- 5.4 ","2","NE ","2"
"정선해양관측","315-10","1968-08-03 17:10:00","127.9967","32.5","0","0","","1010.5","2","27","2","흐림(운량:8-10)","2","Very Low","2","NE ","2","","","25.2","2","91%-100%","2","Altocumulus","2","Smooth-wavelets ","2","NE ","2","0.3- 1.5 ","2","NE ","2"
"정선해양관측","315-10","1968-12-03 10:25:00","127.9967","32.5","0","0","","1020.9","2","18.1","2","개임(운량:3-7)","2","Low","2","NNE","2","FOREL-ULE SCALE IV","2","17.2","2","51%-60%","2","Altostratus","2","Smooth-wavelets ","2","NNE","2","0.3- 1.5 ","2","N  ","2"
"정선해양관측","315-11","1968-04-23 23:10:00","127.6967","32.5","0","0","","","","16","2","","","","","","","","","","","","","","","","","","","","","",""
"정선해양관측","315-11","1968-06-17 11:30:00","127.6967","32.5","0","0","","","","22.2","2","흐림(운량:8-10)","2","","","NW ","2","FOREL-ULE SCALE III","2","","","81%-90%","2","Altostratus","2","Slight ","2","","","1.6- 3.3 ","2","NW ","2"
"정선해양관측","315-11","1968-10-13 04:00:00","127.6967","32.5","0","0","","","","20","2","흐림(운량:8-10)","2","Low","2","NE ","2","","","19.6","2","91%-100%","2","Nimbostratus","2","Slight ","2","N  ","2","5.5- 7.9 ","2","NE ","2"
"정선해양관측","315-11","1968-12-03 08:35:00","127.6967","32.5","0","0","","1021.1","2","17.5","2","개임(운량:3-7)","2","Low","2","N  ","2","FOREL-ULE SCALE IV","2","16.6","2","61%-70%","2","Altostratus","2","Smooth-wavelets ","2","N  ","2","1.6- 3.3 ","2","N  ","2"
"정선해양관측","315-12","1968-02-12 01:30:00","127.385","32.5","0","0","","1019","2","12.9","2","흐림(운량:8-10)","2","Low","2","NE ","2","","","","","91%-100%","2","Altostratus","2","Calm-ripples ","2","NE ","2","8.0-10.7 ","2","NE ","2"
"정선해양관측","315-12","1968-04-24 01:30:00","127.385","32.5","0","0","","","","15.9","2","","","","","","","","","","","","","","","","","","","","","",""
"정선해양관측","315-12","1968-06-17 08:30:00","127.385","32.5","0","0","","","","20.8","2","흐림(운량:8-10)","2","","","","","FOREL-ULE SCALE III","2","19.8","2","71%-80%","2","Cirrostratus","2","","","","","0.3- 1.5 ","2","NE ","2"
"정선해양관측","315-12","1968-08-03 21:05:00","127.385","32.5","0","0","","1011.4","2","25.7","2","개임(운량:3-7)","2","Very Low","2","NE ","2","","","24.9","2","41%-50%","2","Altocumulus","2","Smooth-wavelets ","2","NE ","2","0.3- 1.5 ","2","NE ","2"
"정선해양관측","315-12","1968-10-13 06:30:00","127.385","32.5","0","0","","","","21","2","흐림(운량:8-10)","2","Low","2","NE ","2","","","","","91%-100%","2","Stratocumulus","2","Smooth-wavelets ","2","NE ","2","1.6- 3.3 ","2","NE ","2"
"정선해양관측","315-12","1968-12-03 06:45:00","127.385","32.5","0","0","","1020.9","2","18.4","2","개임(운량:3-7)","2","Low","2","NE ","2","","","17.5","2","31%-40%","2","Nimbostratus","2","Slight ","2","NE ","2","3.4- 5.4 ","2","NNE","2"
"정선해양관측","315-13","1968-04-24 03:10:00","127.085","32.5","0","0","","","","15.6","2","","","","","","","","","","","","","","","","","","","","","",""
"정선해양관측","315-13","1968-10-13 08:30:00","127.085","32.5","0","0","","","","21","2","흐림(운량:8-10)","2","Low","2","NE ","2","FOREL-ULE SCALE III","2","","","91%-100%","2","Stratocumulus","2","Smooth-wavelets ","2","NE ","2","1.6- 3.3 ","2","NE ","2"
"정선해양관측","315-13","1968-12-03 04:45:00","127.085","32.5","0","0","","1021","2","17.9","2","쾌청(운량:0-2)","2","Low","2","NNE","2","","","17","2","1%-10%","2","Altostratus","2","Slight ","2","N  ","2","3.4- 5.4 ","2","NNE","2"
"정선해양관측","315-14","1968-02-11 13:40:00","126.8","32.5","0","0","","1008.5","2","12.5","2","비","2","Low","2","S  ","2","","","","","91%-100%","2","Altostratus","2","Slight ","2","S  ","2","5.5- 7.9 ","2","S  ","2"
"정선해양관측","315-14","1968-04-24 05:25:00","126.8","32.5","0","0","","","","15.4","2","","","","","","","","","","","","","","","","","","","","","",""
"정선해양관측","315-14","1968-06-17 02:30:00","126.8","32.5","0","0","","","","18.5","2","","","","","","","","","","","","","","","","","","","5.5- 7.9 ","2","NW ","2"
"정선해양관측","315-14","1968-08-04 01:00:00","126.8","32.5","0","0","","1012.2","2","25.8","2","개임(운량:3-7)","2","Low","2","NE ","2","","","25","2","71%-80%","2","Altocumulus","2","Slight ","2","NE ","2","1.6- 3.3 ","2","NE ","2"
"정선해양관측","315-14","1968-10-13 10:40:00","126.8","32.5","0","0","","","","21.1","2","흐림(운량:8-10)","2","Low","2","N  ","2","FOREL-ULE SCALE III","2","21.1","2","91%-100%","2","Nimbostratus","2","Moderate ","2","N  ","2","5.5- 7.9 ","2","N  ","2"
"정선해양관측","315-14","1968-12-03 03:00:00","126.8","32.5","0","0","","1020.6","2","","","쾌청(운량:0-2)","2","Low","2","NNE","2","","","","","11%-20%","2","Cirrostratus","2","Smooth-wavelets ","2","N  ","2","1.6- 3.3 ","2","N  ","2"
"정선해양관측","315-15","1968-04-24 07:35:00","126.5","32.5","0","0","","1013.8","2","19.9","2","쾌청(운량:0-2)","2","Very Low","2","SE ","2","FOREL-ULE SCALE IV","2","","","1%-10%","2","Stratus","2","Calm-ripples ","2","E  ","2","0 - 0.2 ","2","SE ","2"
"정선해양관측","315-15","1968-10-13 12:40:00","126.5","32.5","0","0","","","","20.5","2","흐림(운량:8-10)","2","Low","2","NW ","2","FOREL-ULE SCALE III","2","","","91%-100%","2","Nimbostratus","2","Slight ","2","NW ","2","1.6- 3.3 ","2","NW ","2"
"정선해양관측","315-15","1968-12-03 01:00:00","126.5","32.5","0","0","","1020.2","2","17","2","개임(운량:3-7)","2","Low","2","NW ","2","","","16.2","2","41%-50%","2","Nimbostratus","2","Smooth-wavelets ","2","N  ","2","1.6- 3.3 ","2","NW ","2"
"정선해양관측","315-16","1968-02-11 08:55:00","126.2","32.5","0","0","","1015","2","12.1","2","흐림(운량:8-10)","2","Low","2","SE ","2","","","","","91%-100%","2","Altostratus","2","Calm-ripples ","2","SE ","2","3.4- 5.4 ","2","SE ","2"
"정선해양관측","315-16","1968-04-24 09:50:00","126.2","32.5","0","0","","","","18.2","2","쾌청(운량:0-2)","2","Very Low","2","E  ","2","FOREL-ULE SCALE IV","2","","","1%-10%","2","Stratus","2","Smooth-wavelets ","2","E  ","2","0.3- 1.5 ","2","SE ","2"
"정선해양관측","315-16","1968-04-24 10:50:00","126.2","32.5","0","0","","","","18.2","2","쾌청(운량:0-2)","2","Very Low","2","E  ","2","FOREL-ULE SCALE IV","2","","","1%-10%","2","Stratus","2","Smooth-wavelets ","2","E  ","2","0.3- 1.5 ","2","SE ","2"
"정선해양관측","315-16","1968-06-16 21:30:00","126.2","32.5","0","0","","","","18.6","2","","","","","","","","","18.6","2","","","","","","","","","8.0-10.7 ","2","NW ","2"
"정선해양관측","315-16","1968-08-04 04:50:00","126.2","32.5","0","0","","1012.2","2","25.8","2","쾌청(운량:0-2)","2","Low","2","NE ","2","","","25.2","2","","","","","Slight ","2","NE ","2","1.6- 3.3 ","2","NE ","2"
"정선해양관측","315-16","1968-10-15 14:00:00","126.2","32.5","0","0","","","","23.3","2","쾌청(운량:0-2)","2","Low","2","","","FOREL-ULE SCALE III","2","23.3","2","11%-20%","2","Cirrus","2","","","NW ","2","0.3- 1.5 ","2","NW ","2"
"정선해양관측","315-16","1968-12-02 23:20:00","126.2","32.5","0","0","","1019.5","2","16.2","2","개임(운량:3-7)","2","Low","2","NW ","2","","","16","2","41%-50%","2","Nimbostratus","2","Smooth-wavelets ","2","NW ","2","0.3- 1.5 ","2","NW ","2"
"정선해양관측","315-17","1968-04-24 11:30:00","125.885","32.5","0","0","","","","16.9","2","쾌청(운량:0-2)","2","Very Low","2","SE ","2","FOREL-ULE SCALE IV","2","","","1%-10%","2","Stratus","2","Smooth-wavelets ","2","E  ","2","0.3- 1.5 ","2","SE ","2"
"정선해양관측","315-17","1968-06-16 19:30:00","125.885","32.5","0","0","","","","19","2","","","","","","","","","18.8","2","","","","","","","","","5.5- 7.9 ","2","NW ","2"
"정선해양관측","315-17","1968-10-15 16:00:00","125.885","32.5","0","0","","","","19.4","2","쾌청(운량:0-2)","2","Low","2","","","FOREL-ULE SCALE III","2","19.2","2","11%-20%","2","Cirrus","2","","","NW ","2","1.6- 3.3 ","2","NW ","2"
"정선해양관측","315-17","1968-12-02 21:30:00","125.885","32.5","0","0","","1019.1","2","16.5","2","쾌청(운량:0-2)","2","Low","2","NW ","2","","","15.9","2","1%-10%","2","Cirrostratus","2","Smooth-wavelets ","2","NW ","2","0.3- 1.5 ","2","NW ","2"
"정선해양관측","315-18","1968-02-11 03:45:00","125.5867","32.5","0","0","","1017","2","7.6","2","비","2","Very Low","2","SE ","2","","","","","81%-90%","2","Altostratus","2","Calm-ripples ","2","SE ","2","5.5- 7.9 ","2","SE ","2"
"정선해양관측","315-18","1968-04-24 13:40:00","125.5867","32.5","0","0","","","","15.6","2","쾌청(운량:0-2)","2","Low","2","S  ","2","FOREL-ULE SCALE III","2","","","1%-10%","2","Stratus","2","Slight ","2","S  ","2","1.6- 3.3 ","2","SE ","2"
"정선해양관측","315-18","1968-06-16 18:30:00","125.5867","32.5","0","0","","","","19.2","2","개임(운량:3-7)","2","","","","","FOREL-ULE SCALE III","2","19.2","2","41%-50%","2","","","","","","","","","",""
"정선해양관측","315-18","1968-08-04 07:45:00","125.5867","32.5","0","0","","1013.2","2","26.8","2","흐림(운량:8-10)","2","Low","2","NE ","2","FOREL-ULE SCALE II","2","25.9","2","71%-80%","2","Altostratus","2","Slight ","2","NE ","2","1.6- 3.3 ","2","NE ","2"
"정선해양관측","315-18","1968-10-15 18:00:00","125.5867","32.5","0","0","","","","19.8","2","쾌청(운량:0-2)","2","Low","2","NE ","2","","","19.8","2","11%-20%","2","Cirrus","2","Smooth-wavelets ","2","N  ","2","1.6- 3.3 ","2","NE ","2"
"정선해양관측","315-18","1968-12-02 19:35:00","125.5867","32.5","0","0","","1019.5","2","15.9","2","흐림(운량:8-10)","2","Very Low","2","NW ","2","","","15.8","2","91%-100%","2","Nimbostratus","2","Smooth-wavelets ","2","NW ","2","1.6- 3.3 ","2","NW ","2"
"정선해양관측","315-19","1968-04-24 15:30:00","125.2867","32.5","0","0","","","","15.4","2","쾌청(운량:0-2)","2","Low","2","S  ","2","FOREL-ULE SCALE III","2","","","1%-10%","2","Stratus","2","Slight ","2","S  ","2","1.6- 3.3 ","2","S  ","2"
"정선해양관측","315-19","1968-06-16 16:40:00","125.2867","32.5","0","0","","","","20","2","흐림(운량:8-10)","2","","","NW ","2","FOREL-ULE SCALE III","2","18.2","2","71%-80%","2","Altostratus","2","Slight ","2","","","3.4- 5.4 ","2","NW ","2"
"정선해양관측","315-19","1968-10-15 19:45:00","125.2867","32.5","0","0","","","","18","2","","","","","","","","","18","2","","","","","","","","","1.6- 3.3 ","2","NE ","2"
"정선해양관측","315-19","1968-12-02 17:20:00","125.2867","32.5","0","0","","1019.1","2","16.2","2","흐림(운량:8-10)","2","Very Low","2","NW ","2","","","16","2","91%-100%","2","Nimbostratus","2","Smooth-wavelets ","2","NW ","2","0.3- 1.5 ","2","NW ","2"
"정선해양관측","315-20","1968-02-11 00:30:00","125","32.5","0","0","","1021.5","2","6.8","2","비","2","Very Low","2","","","","","","","51%-60%","2","Altostratus","2","","","S  ","2","3.4- 5.4 ","2","S  ","2"
"정선해양관측","315-20","1968-04-24 18:40:00","125","32.5","0","0","","","","13.2","2","","","","","","","","","","","","","","","","","","","","","",""
"정선해양관측","315-20","1968-06-16 14:50:00","125","32.5","0","0","","","","","","흐림(운량:8-10)","2","","","NW ","2","FOREL-ULE SCALE IV","2","","","81%-90%","2","Nimbostratus","2","Smooth-wavelets ","2","","","3.4- 5.4 ","2","NW ","2"
"정선해양관측","315-20","1968-08-02 01:10:00","125","32.5","0","0","","1004.7","2","26.7","2","쾌청(운량:0-2)","2","Low","2","NW ","2","","","26.3","2","11%-20%","2","Altocumulus","2","Smooth-wavelets ","2","NW ","2","0.3- 1.5 ","2","NW ","2"
"정선해양관측","315-20","1968-10-15 22:00:00","125","32.5","0","0","","","","18","2","","","","","","","","","18","2","","","","","","","","","1.6- 3.3 ","2","NE ","2"
"정선해양관측","315-20","1968-12-02 15:00:00","125","32.5","0","0","","1018.5","2","16.2","2","안개(Fog)","2","Very Low","2","NE ","2","FOREL-ULE SCALE IV","2","15.9","2","","","","","Calm-ripples ","2","NE ","2","0.3- 1.5 ","2","NE ","2"
"정선해양관측","316-08","1968-02-28 20:05:00","128.533","32","0","0","","1022.5","2","14.3","2","비","2","Low","2","S  ","2","","","","","91%-100%","2","Altostratus","2","Slight ","2","S  ","2","5.5- 7.9 ","2","S  ","2"
"정선해양관측","316-08","1968-08-03 09:25:00","128.533","32","0","0","","1010","2","26.7","2","개임(운량:3-7)","2","Low","2","NE ","2","FOREL-ULE SCALE II","2","25.5","2","71%-80%","2","Altocumulus","2","Slight ","2","NE ","2","1.6- 3.3 ","2","NE ","2"
"정선해양관측","316-10","1968-02-28 16:30:00","127.95","32","0","0","","1022.9","2","15","2","흐림(운량:8-10)","2","Low","2","S  ","2","FOREL-ULE SCALE IV","2","","","91%-100%","2","Altostratus","2","Slight ","2","S  ","2","5.5- 7.9 ","2","S  ","2"
"정선해양관측","316-10","1968-08-03 04:20:00","127.95","32","0","0","","1008.4","2","24.8","2","비","2","Low","2","E  ","2","","","24.1","2","","","","","Moderate ","2","E  ","2","3.4- 5.4 ","2","E  ","2"
"정선해양관측","316-12","1968-02-28 12:20:00","127.37","32","0","0","","1024.5","2","16.1","2","흐림(운량:8-10)","2","Very Low","2","E  ","2","FOREL-ULE SCALE IV","2","","","91%-100%","2","Altostratus","2","Calm-ripples ","2","E  ","2","3.4- 5.4 ","2","E  ","2"
"정선해양관측","316-12","1968-08-03 00:40:00","127.37","32","0","0","","1008.5","2","25.9","2","쾌청(운량:0-2)","2","Low","2","E  ","2","","","24.8","2","11%-20%","2","Altocumulus","2","Slight ","2","E  ","2","1.6- 3.3 ","2","E  ","2"
"정선해양관측","316-14","1968-02-28 08:10:00","126.7683","32","0","0","","1024.5","2","14.4","2","흐림(운량:8-10)","2","Very Low","2","SE ","2","","","","","91%-100%","2","Altostratus","2","Calm-ripples ","2","SE ","2","0.3- 1.5 ","2","SE ","2"
"정선해양관측","316-14","1968-08-02 19:40:00","126.7683","32","0","0","","1006.8","2","27.4","2","개임(운량:3-7)","2","Very Low","2","E  ","2","","","26.7","2","31%-40%","2","Altocumulus","2","Slight ","2","E  ","2","1.6- 3.3 ","2","E  ","2"
"정선해양관측","316-16","1968-02-28 04:00:00","126.1833","32","0","0","","1024","2","10.8","2","개임(운량:3-7)","2","Very Low","2","E  ","2","","","","","61%-70%","2","Altostratus","2","Calm-ripples ","2","E  ","2","0.3- 1.5 ","2","E  ","2"
"정선해양관측","316-16","1968-08-02 15:40:00","126.1833","32","0","0","","1005.8","2","28.4","2","쾌청(운량:0-2)","2","Very Low","2","NW ","2","FOREL-ULE SCALE II","2","26.9","2","11%-20%","2","Cumulus","2","Smooth-wavelets ","2","W  ","2","0.3- 1.5 ","2","NW ","2"
"정선해양관측","316-18","1968-02-28 00:20:00","125.585","32","0","0","","1026.2","2","7.4","2","개임(운량:3-7)","2","No Swell","2","E  ","2","","","","","41%-50%","2","Altostratus","2","Calm-glassy ","2","E  ","2","0.3- 1.5 ","2","E  ","2"
"정선해양관측","316-18","1968-08-02 11:30:00","125.585","32","0","0","","1006.5","2","27.3","2","개임(운량:3-7)","2","Very Low","2","NW ","2","FOREL-ULE SCALE II","2","26.5","2","51%-60%","2","Altocumulus","2","Smooth-wavelets ","2","NW ","2","0.3- 1.5 ","2","NW ","2"
"정선해양관측","316-20","1968-02-27 21:20:00","125","32","0","0","","1025.5","2","6.2","2","개임(운량:3-7)","2","No Swell","2","SE ","2","","","","","31%-40%","2","Altostratus","2","Calm-ripples ","2","SE ","2","1.6- 3.3 ","2","SE ","2"
"정선해양관측","316-20","1968-08-02 05:00:00","125","32","0","0","","1004.9","2","26.4","2","쾌청(운량:0-2)","2","Very Low","2","NE ","2","","","25.8","2","11%-20%","2","Cumulus","2","Smooth-wavelets ","2","NE ","2","0.3- 1.5 ","2","NW ","2"
"정선해양관측","400-11","1968-08-09 18:45:00","128.9","33.9717","0","0","","1010.1","2","25.9","2","개임(운량:3-7)","2","Very Low","2","NW ","2","FOREL-ULE SCALE III","2","","","21%-30%","2","Altocumulus","2","Smooth-wavelets ","2","NW ","2","0.3- 1.5 ","2","NW ","2"
"정선해양관측","400-11","1968-09-06 15:20:00","128.9","33.9717","0","0","","1007.4","2","27.6","2","개임(운량:3-7)","2","Low","2","S  ","2","FOREL-ULE SCALE III","2","","","51%-60%","2","Altocumulus","2","Smooth-wavelets ","2","S  ","2","0 - 0.2 ","2","S  ","2"
"정선해양관측","400-11","1968-10-11 17:55:00","128.9","33.9717","0","0","","1020.6","2","19.2","2","흐림(운량:8-10)","2","Low","2","NE ","2","FOREL-ULE SCALE IV","2","","","81%-90%","2","Nimbostratus","2","Smooth-wavelets ","2","NE ","2","5.5- 7.9 ","2","NE ","2"
"정선해양관측","400-11","1968-11-08 05:05:00","128.9","33.9717","0","0","","1021","2","16.8","2","개임(운량:3-7)","2","Very Low","2","W  ","2","","","","","31%-40%","2","Cirrus","2","Calm-ripples ","2","W  ","2","0 - 0.2 ","2","W  ","2"
"정선해양관측","400-11","1968-12-11 16:30:00","128.9","33.9717","0","0","","1016.4","2","16.2","2","흐림(운량:8-10)","2","Very Low","2","NW ","2","FOREL-ULE SCALE IV","2","","","71%-80%","2","Stratus","2","Smooth-wavelets ","2","NW ","2","0.3- 1.5 ","2","NW ","2"
"정선해양관측","400-12","1968-08-09 17:20:00","128.65","33.8617","0","0","","1010","2","29","2","개임(운량:3-7)","2","Very Low","2","NW ","2","FOREL-ULE SCALE III","2","","","11%-20%","2","Cirrus","2","Smooth-wavelets ","2","NW ","2","0.3- 1.5 ","2","NW ","2"
"정선해양관측","400-12","1968-09-06 17:25:00","128.65","33.8617","0","0","","1007","2","25.4","2","개임(운량:3-7)","2","Low","2","SW ","2","FOREL-ULE SCALE III","2","","","61%-70%","2","Cumulus","2","Smooth-wavelets ","2","SW ","2","0 - 0.2 ","2","SW ","2"
"정선해양관측","400-12","1968-10-11 16:45:00","128.65","33.8617","0","0","","1019.9","2","","","흐림(운량:8-10)","2","Low","2","NE ","2","FOREL-ULE SCALE III","2","","","81%-90%","2","Nimbostratus","2","Smooth-wavelets ","2","NE ","2","8.0-10.7 ","2","NE ","2"
"정선해양관측","400-12","1968-11-08 06:00:00","128.65","33.8617","0","0","","1020.1","2","17","2","개임(운량:3-7)","2","Very Low","2","SW ","2","FOREL-ULE SCALE IV","2","","","61%-70%","2","Cirrostratus","2","Calm-ripples ","2","SW ","2","0 - 0.2 ","2","SW ","2"
"정선해양관측","400-12","1968-12-11 15:10:00","128.65","33.8617","0","0","","","","16.2","2","흐림(운량:8-10)","2","Very Low","2","NW ","2","FOREL-ULE SCALE IV","2","","","71%-80%","2","Altocumulus","2","Smooth-wavelets ","2","NW ","2","1.6- 3.3 ","2","NW ","2"
"정선해양관측","400-13","1968-08-09 20:50:00","128.5","34.0767","0","0","","1016.6","2","25.6","2","개임(운량:3-7)","2","Very Low","2","NW ","2","","","","","21%-30%","2","Altocumulus","2","Smooth-wavelets ","2","NW ","2","0.3- 1.5 ","2","NW ","2"
"정선해양관측","400-13","1968-09-06 20:00:00","128.5","34.0767","0","0","","1008","2","24.4","2","개임(운량:3-7)","2","Very Low","2","NE ","2","","","","","31%-40%","2","Altostratus","2","Calm-ripples ","2","NE ","2","0 - 0.2 ","2","NE ","2"
"정선해양관측","400-13","1968-09-06 22:00:00","128.5","34.0767","0","0","","1008","2","24.4","2","개임(운량:3-7)","2","Very Low","2","NE ","2","","","","","31%-40%","2","Altostratus","2","Calm-ripples ","2","NE ","2","0 - 0.2 ","2","NE ","2"
"정선해양관측","400-13","1968-10-11 15:15:00","128.5","34.0767","0","0","","","","19.4","2","흐림(운량:8-10)","2","Low","2","NE ","2","FOREL-ULE SCALE III","2","","","91%-100%","2","Stratocumulus","2","Slight ","2","NE ","2","8.0-10.7 ","2","NE ","2"
"정선해양관측","400-13","1968-11-08 08:30:00","128.5","34.0767","0","0","","1022","2","18.2","2","개임(운량:3-7)","2","Very Low","2","W  ","2","FOREL-ULE SCALE IV","2","","","51%-60%","2","Cirrostratus","2","Calm-ripples ","2","W  ","2","0 - 0.2 ","2","W  ","2"
"정선해양관측","400-13","1968-12-11 13:30:00","128.5","34.0767","0","0","","1016.5","2","15","2","흐림(운량:8-10)","2","Very Low","2","NW ","2","FOREL-ULE SCALE IV","2","","","91%-100%","2","Stratocumulus","2","Smooth-wavelets ","2","NW ","2","1.6- 3.3 ","2","NW ","2"
"정선해양관측","400-14","1968-08-09 22:00:00","128.4","34.225","0","0","","1011","2","25.1","2","개임(운량:3-7)","2","Very Low","2","NW ","2","","","","","31%-40%","2","Cirrus","2","Smooth-wavelets ","2","NW ","2","0.3- 1.5 ","2","NW ","2"
"정선해양관측","400-14","1968-09-11 15:00:00","128.4","34.225","0","0","","1013.9","2","26.2","2","개임(운량:3-7)","2","Very Low","2","NE ","2","FOREL-ULE SCALE III","2","","","21%-30%","2","Cirrocumulus","2","Smooth-wavelets ","2","NE ","2","0.3- 1.5 ","2","NE ","2"
"정선해양관측","400-14","1968-10-11 13:30:00","128.4","34.225","0","0","","1020.5","2","18.2","2","흐림(운량:8-10)","2","Low","2","NE ","2","","","","","91%-100%","2","Nimbostratus","2","Slight ","2","NE ","2","3.4- 5.4 ","2","NE ","2"
"정선해양관측","400-14","1968-11-08 09:55:00","128.4","34.225","0","0","","1020.1","2","21.8","2","개임(운량:3-7)","2","Very Low","2","SW ","2","FOREL-ULE SCALE IV","2","","","21%-30%","2","Cirrus","2","Calm-ripples ","2","SW ","2","0 - 0.2 ","2","SW ","2"
"정선해양관측","400-14","1968-12-11 12:35:00","128.4","34.225","0","0","","1018.7","2","16.9","2","개임(운량:3-7)","2","Very Low","2","NW ","2","FOREL-ULE SCALE IV","2","","","41%-50%","2","Cirrus","2","Smooth-wavelets ","2","NW ","2","3.4- 5.4 ","2","NW ","2"
"정선해양관측","400-15","1968-08-09 23:07:00","128.3067","34.37","0","0","","1011.4","2","25","2","개임(운량:3-7)","2","Very Low","2","NW ","2","","","","","51%-60%","2","Cirrus","2","Smooth-wavelets ","2","NW ","2","0.3- 1.5 ","2","NW ","2"
"정선해양관측","400-15","1968-09-07 01:25:00","128.3067","34.37","0","0","","1008","2","23.8","2","흐림(운량:8-10)","2","Low","2","E  ","2","","","","","91%-100%","2","Altostratus","2","Calm-ripples ","2","E  ","2","0.3- 1.5 ","2","NE ","2"
"정선해양관측","400-15","1968-10-11 12:05:00","128.3067","34.37","0","0","","1021","2","17.2","2","흐림(운량:8-10)","2","Low","2","NE ","2","FOREL-ULE SCALE IV","2","","","91%-100%","2","Nimbostratus","2","Slight ","2","NE ","2","5.5- 7.9 ","2","NE ","2"
"정선해양관측","400-15","1968-11-08 11:30:00","128.3067","34.37","0","0","","1020","2","19.3","2","쾌청(운량:0-2)","2","Very Low","2","NW ","2","FOREL-ULE SCALE IV","2","","","11%-20%","2","Cirrus","2","Calm-ripples ","2","NW ","2","0 - 0.2 ","2","NW ","2"
"정선해양관측","400-15","1968-12-11 11:05:00","128.3067","34.37","0","0","","1019.5","2","16","2","개임(운량:3-7)","2","Very Low","2","NW ","2","FOREL-ULE SCALE IV","2","","","41%-50%","2","Cirrus","2","Calm-ripples ","2","NW ","2","1.6- 3.3 ","2","NW ","2"
"정선해양관측","400-16","1968-08-10 02:00:00","128.2033","34.5167","0","0","","1011.6","2","25.2","2","흐림(운량:8-10)","2","Very Low","2","NW ","2","","","","","71%-80%","2","Cirrus","2","Smooth-wavelets ","2","NW ","2","0.3- 1.5 ","2","NW ","2"
"정선해양관측","400-16","1968-09-11 16:35:00","128.2033","34.5167","0","0","","1013.9","2","26","2","개임(운량:3-7)","2","Very Low","2","E  ","2","FOREL-ULE SCALE III","2","","","21%-30%","2","Cirrocumulus","2","Smooth-wavelets ","2","E  ","2","0 - 0.2 ","2","E  ","2"
"정선해양관측","400-16","1968-10-09 17:35:00","128.2033","34.5167","0","0","","1012.6","2","17.8","2","흐림(운량:8-10)","2","Low","2","NE ","2","FOREL-ULE SCALE V","2","","","91%-100%","2","Nimbostratus","2","Slight ","2","NE ","2","8.0-10.7 ","2","NE ","2"
"정선해양관측","400-16","1968-11-08 13:00:00","128.2033","34.5167","0","0","","1020.5","2","18.5","2","흐림(운량:8-10)","2","Very Low","2","SW ","2","FOREL-ULE SCALE IV","2","","","91%-100%","2","Altostratus","2","Calm-ripples ","2","SW ","2","0 - 0.2 ","2","SW ","2"
"정선해양관측","400-16","1968-12-07 08:50:00","128.2033","34.5167","0","0","","1019.7","2","14.8","2","쾌청(운량:0-2)","2","Very Low","2","NE ","2","","","","","","","","","Calm-ripples ","2","NE ","2","3.4- 5.4 ","2","NE ","2"
"정선해양관측","400-17","1968-08-10 00:20:00","128.0083","34.45","0","0","","1011.8","2","25","2","개임(운량:3-7)","2","Very Low","2","NW ","2","","","","","31%-40%","2","Cirrus","2","Smooth-wavelets ","2","NW ","2","0.3- 1.5 ","2","NW ","2"
"정선해양관측","400-17","1968-09-07 02:20:00","128.0083","34.45","0","0","","1008","2","23.7","2","흐림(운량:8-10)","2","Low","2","NE ","2","","","","","81%-90%","2","Altostratus","2","Calm-ripples ","2","NE ","2","0.3- 1.5 ","2","NE ","2"
"정선해양관측","400-17","1968-10-09 19:05:00","128.0083","34.45","0","0","","1013.1","2","17.9","2","흐림(운량:8-10)","2","Low","2","NE ","2","","","","","91%-100%","2","Nimbostratus","2","Slight ","2","NE ","2","5.5- 7.9 ","2","NE ","2"
"정선해양관측","400-17","1968-11-08 20:30:00","128.0083","34.45","0","0","","1019.1","2","16.8","2","쾌청(운량:0-2)","2","Low","2","W  ","2","","","","","11%-20%","2","Cirrus","2","Smooth-wavelets ","2","W  ","2","1.6- 3.3 ","2","W  ","2"
"정선해양관측","400-17","1968-12-07 10:05:00","128.0083","34.45","0","0","","1020.2","2","14.8","2","개임(운량:3-7)","2","Very Low","2","NE ","2","","","","","21%-30%","2","Altostratus","2","Smooth-wavelets ","2","NE ","2","1.6- 3.3 ","2","NE ","2"
"정선해양관측","400-22","1968-08-09 15:30:00","128.3983","33.7383","0","0","","1010.1","2","28.5","2","쾌청(운량:0-2)","2","Very Low","2","N  ","2","FOREL-ULE SCALE III","2","","","1%-10%","2","Cirrus","2","Smooth-wavelets ","2","N  ","2","0.3- 1.5 ","2","N  ","2"
"정선해양관측","400-22","1968-09-06 19:25:00","128.3983","33.7383","0","0","","1007","2","25","2","개임(운량:3-7)","2","Very Low","2","SW ","2","","","","","31%-40%","2","Altostratus","2","Calm-ripples ","2","SW ","2","0 - 0.2 ","2","SW ","2"
"정선해양관측","400-22","1968-10-10 14:50:00","128.3983","33.7383","0","0","","1015.5","2","21.2","2","흐림(운량:8-10)","2","Low","2","NE ","2","","","","","81%-90%","2","Nimbostratus","2","Slight ","2","NE ","2","8.0-10.7 ","2","NE ","2"
"정선해양관측","400-22","1968-11-13 05:55:00","128.3983","33.7383","0","0","","1024.1","2","12.7","2","개임(운량:3-7)","2","Low","2","NW ","2","","","","","51%-60%","2","Stratocumulus","2","Smooth-wavelets ","2","NW ","2","0.3- 1.5 ","2","W  ","2"
"정선해양관측","400-22","1968-12-11 01:45:00","128.3983","33.7383","0","0","","1018.1","2","16","2","개임(운량:3-7)","2","","","NW ","2","","","","","41%-50%","2","","","Calm-ripples ","2","","","0 - 0.2 ","2","NW ","2"
"정선해양관측","400-24","1968-08-09 11:50:00","127.865","33.5933","0","0","","1010.6","2","26.2","2","흐림(운량:8-10)","2","Very Low","2","S  ","2","FOREL-ULE SCALE III","2","","","71%-80%","2","Altocumulus","2","Smooth-wavelets ","2","S  ","2","0.3- 1.5 ","2","S  ","2"
"정선해양관측","400-24","1968-09-10 14:30:00","127.865","33.5933","0","0","","1009.9","2","25.4","2","쾌청(운량:0-2)","2","Low","2","N  ","2","FOREL-ULE SCALE III","2","","","11%-20%","2","Cirrus","2","Smooth-wavelets ","2","NE ","2","0.3- 1.5 ","2","NW ","2"
"정선해양관측","400-24","1968-10-10 12:35:00","127.865","33.5933","0","0","","1015.5","2","20.3","2","흐림(운량:8-10)","2","Low","2","N  ","2","","","","","81%-90%","2","Stratocumulus","2","Moderate ","2","N  ","2","8.0-10.7 ","2","N  ","2"
"정선해양관측","400-24","1968-11-03 02:30:00","127.865","33.5933","0","0","","1024","2","12.4","2","개임(운량:3-7)","2","Low","2","NW ","2","","","","","51%-60%","2","Nimbostratus","2","Slight ","2","NW ","2","1.6- 3.3 ","2","N  ","2"
"정선해양관측","400-24","1968-12-10 21:50:00","127.865","33.5933","0","0","","1018.5","2","16.8","2","개임(운량:3-7)","2","No Swell","2","NE ","2","","","","","21%-30%","2","Cirrocumulus","2","Calm-ripples ","2","NE ","2","0.3- 1.5 ","2","NE ","2"
"정선해양관측","400-25","1968-08-08 16:30:00","127.5667","33.56","0","0","","1008","2","25.9","2","흐림(운량:8-10)","2","Low","2","SW ","2","FOREL-ULE SCALE III","2","","","91%-100%","2","Cirrus","2","Moderate ","2","SW ","2","3.4- 5.4 ","2","SW ","2"
"정선해양관측","400-25","1968-09-10 12:55:00","127.5667","33.56","0","0","","1010.1","2","25","2","쾌청(운량:0-2)","2","Low","2","N  ","2","FOREL-ULE SCALE III","2","","","1%-10%","2","Cirrus","2","Smooth-wavelets ","2","N  ","2","0.3- 1.5 ","2","NW ","2"
"정선해양관측","400-25","1968-10-10 10:20:00","127.5667","33.56","0","0","","1016.6","2","20.4","2","흐림(운량:8-10)","2","Low","2","NW ","2","FOREL-ULE SCALE III","2","","","81%-90%","2","Stratocumulus","2","Moderate ","2","NW ","2","8.0-10.7 ","2","NW ","2"
"정선해양관측","400-25","1968-11-13 00:40:00","127.5667","33.56","0","0","","1024","2","12.4","2","개임(운량:3-7)","2","Low","2","NW ","2","","","","","51%-60%","2","Nimbostratus","2","Slight ","2","NW ","2","3.4- 5.4 ","2","N  ","2"
"정선해양관측","400-25","1968-12-10 20:00:00","127.5667","33.56","0","0","","1018.5","2","17.2","2","개임(운량:3-7)","2","Very Low","2","NE ","2","","","","","21%-30%","2","Cirrocumulus","2","Smooth-wavelets ","2","NE ","2","1.6- 3.3 ","2","NE ","2"
"정선해양관측","400-26","1968-08-08 14:45:00","127.28","33.5283","0","0","","1007.5","2","26.6","2","흐림(운량:8-10)","2","Low","2","SW ","2","FOREL-ULE SCALE III","2","","","91%-100%","2","Altocumulus","2","Moderate ","2","SW ","2","3.4- 5.4 ","2","SW ","2"
"정선해양관측","400-26","1968-09-10 10:20:00","127.28","33.5283","0","0","","1011.2","2","25.4","2","쾌청(운량:0-2)","2","Low","2","NE ","2","FOREL-ULE SCALE IV","2","","","11%-20%","2","Cirrocumulus","2","Calm-ripples ","2","NE ","2","0 - 0.2 ","2","NNE","2"
"정선해양관측","400-26","1968-10-10 07:30:00","127.28","33.5283","0","0","","1016.1","2","19.1","2","개임(운량:3-7)","2","Low","2","N  ","2","","","","","41%-50%","2","Nimbostratus","2","Slight ","2","N  ","2","5.5- 7.9 ","2","N  ","2"
"정선해양관측","400-26","1968-11-12 22:45:00","127.28","33.5283","0","0","","1024","2","12.8","2","개임(운량:3-7)","2","Low","2","NW ","2","","","","","31%-40%","2","Stratocumulus","2","Slight ","2","NW ","2","1.6- 3.3 ","2","N  ","2"
"정선해양관측","400-26","1968-11-13 22:45:00","127.28","33.5283","0","0","","1024","2","12.8","2","개임(운량:3-7)","2","Low","2","NW ","2","","","","","31%-40%","2","Stratocumulus","2","Slight ","2","NW ","2","1.6- 3.3 ","2","N  ","2"
"정선해양관측","400-26","1968-12-10 18:10:00","127.28","33.5283","0","0","","1018.2","2","16.4","2","개임(운량:3-7)","2","Very Low","2","NE ","2","","","","","31%-40%","2","Cirrocumulus","2","Smooth-wavelets ","2","NE ","2","1.6- 3.3 ","2","NE ","2"
"정선해양관측","400-27","1968-08-08 13:55:00","127.075","33.505","0","0","","1007.8","2","26.2","2","쾌청(운량:0-2)","2","Very Low","2","SW ","2","FOREL-ULE SCALE III","2","","","1%-10%","2","Cirrus","2","Moderate ","2","SW ","2","3.4- 5.4 ","2","SW ","2"
"정선해양관측","400-27","1968-09-10 09:10:00","127.075","33.505","0","0","","1010.5","2","24.9","2","쾌청(운량:0-2)","2","Low","2","NE ","2","FOREL-ULE SCALE IV","2","","","1%-10%","2","Cirrus","2","Calm-ripples ","2","NE ","2","0 - 0.2 ","2","N  ","2"
"정선해양관측","400-27","1968-10-10 06:25:00","127.075","33.505","0","0","","1015.6","2","18.9","2","흐림(운량:8-10)","2","Low","2","N  ","2","","","","","91%-100%","2","Nimbostratus","2","Slight ","2","N  ","2","8.0-10.7 ","2","N  ","2"
"정선해양관측","400-27","1968-11-12 16:35:00","127.075","33.505","0","0","","1023","2","12.8","2","개임(운량:3-7)","2","Low","2","NW ","2","","","","","21%-30%","2","Stratocumulus","2","Slight ","2","W  ","2","1.6- 3.3 ","2","NW ","2"
"정선해양관측","400-27","1968-12-10 14:30:00","127.075","33.505","0","0","","1016.6","2","17.8","2","흐림(운량:8-10)","2","Very Low","2","NE ","2","FOREL-ULE SCALE IV","2","","","71%-80%","2","Cirrocumulus","2","Smooth-wavelets ","2","NE ","2","1.6- 3.3 ","2","NE ","2"
